# name: debug
# type: sparse matrix
# nnz: 14400
# rows: 120
# columns: 120

1 1 922.949012
2 1 199.870896
3 1 -132.11998
4 1 3.24629055
5 1 -14.0253712
6 1 -13.8255637
7 1 -0.0163694394
8 1 -0.0191557852
9 1 0.00326297619
10 1 -0.000239098586
11 1 0.000287916122
12 1 0.000533963975
13 1 -0.0147289753
14 1 -0.0157746277
15 1 0.00285179663
16 1 -0.000198306164
17 1 0.000258520944
18 1 0.000467457475
19 1 -0.0112290373
20 1 -0.0101093969
21 1 0.00215611643
22 1 -0.000131885566
23 1 0.000201367047
24 1 0.000330301871
25 1 -0.00942909098
26 1 -0.00794934926
27 1 0.00210345304
28 1 -0.00010050025
29 1 0.000178433824
30 1 0.000251403767
31 1 -0.00680720169
32 1 -0.00756397236
33 1 0.00154018109
34 1 -9.78459928e-05
35 1 0.000122166046
36 1 0.000224860545
37 1 -0.00611558306
38 1 -0.00688645858
39 1 0.00118992376
40 1 -8.53121109e-05
41 1 0.000106105696
42 1 0.000200250703
43 1 -0.00305831755
44 1 -0.0022341
45 1 0.000690098354
46 1 -3.24237437e-05
47 1 5.54948182e-05
48 1 8.74045184e-05
49 1 -0.00356085296
50 1 -0.0027632931
51 1 0.000683491887
52 1 -3.84522247e-05
53 1 6.23061043e-05
54 1 9.90731876e-05
55 1 -0.00340171233
56 1 -0.00260554732
57 1 0.00059924145
58 1 -3.63721013e-05
59 1 5.88857466e-05
60 1 9.56644392e-05
61 1 -0.0031741801
62 1 -0.00243786909
63 1 0.000535716707
64 1 -3.39819614e-05
65 1 5.4959164e-05
66 1 9.21114106e-05
67 1 -0.00269880974
68 1 -0.00230403711
69 1 0.000511176018
70 1 -3.05511526e-05
71 1 5.0077828e-05
72 1 7.67494999e-05
73 1 -0.00293107819
74 1 -0.0026867673
75 1 0.000597191323
76 1 -3.50636974e-05
77 1 5.10786986e-05
78 1 9.00843349e-05
79 1 -0.00191847363
80 1 -0.00160988684
81 1 0.000436295275
82 1 -2.10681315e-05
83 1 3.53974145e-05
84 1 5.29687707e-05
85 1 -0.00119968926
86 1 -0.000889777422
87 1 0.000270267137
88 1 -1.17372222e-05
89 1 2.28350429e-05
90 1 3.01283939e-05
91 1 -0.000947221251
92 1 -0.000584372295
93 1 0.000183572709
94 1 -7.90913771e-06
95 1 1.71538665e-05
96 1 2.13465049e-05
97 1 -0.000854044228
98 1 -0.000214318627
99 1 0.000116515538
100 1 -4.78876643e-06
101 1 1.46980228e-05
102 1 1.890662e-05
103 1 -0.000956586688
104 1 -0.000149233182
105 1 0.00014241507
106 1 -4.89305853e-06
107 1 1.69721885e-05
108 1 2.18029232e-05
109 1 -0.000804340179
110 1 -9.65129599e-05
111 1 9.85861193e-05
112 1 -3.73484317e-06
113 1 1.48685133e-05
114 1 1.87473993e-05
115 1 -0.000596295312
116 1 1.99100915e-05
117 1 6.6049552e-05
118 1 -1.86300552e-06
119 1 1.16480417e-05
120 1 1.29325201e-05
1 2 199.870896
2 2 2341.50907
3 2 175.075604
4 2 26.1691548
5 2 -3.24629055
6 2 -20.6029653
7 2 -0.0191226703
8 2 -0.082114842
9 2 -0.00132558899
10 2 -0.00119087508
11 2 0.0002377774
12 2 0.00178176406
13 2 -0.0157444775
14 2 -0.0743382123
15 2 -0.00124975781
16 2 -0.00105221567
17 2 0.000196694362
18 2 0.00142752006
19 2 -0.0100814677
20 2 -0.058234349
21 2 -0.000996173705
22 2 -0.000824410231
23 2 0.000130291091
24 2 0.00101914507
25 2 -0.00781054943
26 2 -0.0529610275
27 2 -0.000836589552
28 2 -0.000762945222
29 2 9.7032034e-05
30 2 0.0010434874
31 2 -0.00753570125
32 2 -0.0332191483
33 2 -0.000709424522
34 2 -0.000434168897
35 2 9.67380651e-05
36 2 0.000624556088
37 2 -0.00689035376
38 2 -0.0260022921
39 2 -0.000614730687
40 2 -0.000332986235
41 2 8.47475957e-05
42 2 0.000477469265
43 2 -0.00223156417
44 2 -0.0149643542
45 2 -0.000356809881
46 2 -0.000188589352
47 2 3.19125432e-05
48 2 0.000235658676
49 2 -0.00279321138
50 2 -0.0133642254
51 2 -0.000441853604
52 2 -0.000170358399
53 2 3.82887004e-05
54 2 0.000204487961
55 2 -0.0026544056
56 2 -0.0113540113
57 2 -0.000430565923
58 2 -0.000146906412
59 2 3.64373697e-05
60 2 0.000173367952
61 2 -0.00249503908
62 2 -0.0106814163
63 2 -0.000398059414
64 2 -0.000135540467
65 2 3.41387999e-05
66 2 0.000160326138
67 2 -0.00234012699
68 2 -0.00869859294
69 2 -0.000352868855
70 2 -0.000118527509
71 2 3.06714808e-05
72 2 0.000147229423
73 2 -0.00272721125
74 2 -0.00958945523
75 2 -0.000393959604
76 2 -0.000125997323
77 2 3.50951054e-05
78 2 0.000173945837
79 2 -0.00161997621
80 2 -0.00661928068
81 2 -0.000278066152
82 2 -9.02804258e-05
83 2 2.09306559e-05
84 2 0.000123092724
85 2 -0.000906736801
86 2 -0.00391382071
87 2 -0.000195319015
88 2 -5.44490938e-05
89 2 1.18316604e-05
90 2 6.63977486e-05
91 2 -0.000609071845
92 2 -0.00253464343
93 2 -0.00015402399
94 2 -3.47954904e-05
95 2 8.08509982e-06
96 2 3.56115269e-05
97 2 -0.000249734354
98 2 -0.0024390828
99 2 -0.000129850084
100 2 -3.09074676e-05
101 2 5.02202209e-06
102 2 2.52040612e-05
103 2 -0.000190098433
104 2 -0.00291377294
105 2 -0.000136474394
106 2 -3.79786231e-05
107 2 5.06109801e-06
108 2 3.34473001e-05
109 2 -0.000136325656
110 2 -0.00270638902
111 2 -0.000119773291
112 2 -3.42770577e-05
113 2 4.01717058e-06
114 2 2.76205117e-05
115 2 -1.40943397e-05
116 2 -0.00206269105
117 2 -9.40795324e-05
118 2 -2.65064763e-05
119 2 2.15852434e-06
120 2 1.80533708e-05
1 3 -132.11998
2 3 175.075604
3 3 642.78773
4 3 4.68770727
5 3 6.9523869
6 3 -4.52498164e-10
7 3 0.00316279422
8 3 -0.00126878923
9 3 -0.00610839289
10 3 -4.61788358e-05
11 3 -0.000160388359
12 3 -1.47062891e-07
13 3 0.00269812187
14 3 -0.00116970148
15 3 -0.00563699217
16 3 -4.26785533e-05
17 3 -0.00013368222
18 3 -1.68876689e-07
19 3 0.00199342015
20 3 -0.000940897184
21 3 -0.00453996114
22 3 -3.28949196e-05
23 3 -9.89696289e-05
24 3 1.00029995e-07
25 3 0.00187269814
26 3 -0.000770349045
27 3 -0.00405472913
28 3 -2.5949376e-05
29 3 -9.74341027e-05
30 3 2.87865681e-07
31 3 0.0013630603
32 3 -0.000601678679
33 3 -0.00269281358
34 3 -2.24770182e-05
35 3 -6.21700152e-05
36 3 -4.3536629e-07
37 3 0.00103627768
38 3 -0.000509351137
39 3 -0.00215487634
40 3 -1.92917254e-05
41 3 -4.68773858e-05
42 3 -4.67281549e-07
43 3 0.000586522503
44 3 -0.000298698685
45 3 -0.00128680814
46 3 -1.00717222e-05
47 3 -2.68136884e-05
48 3 -1.99116674e-07
49 3 0.000581059172
50 3 -0.00035479629
51 3 -0.00128442607
52 3 -1.23693373e-05
53 3 -2.5419532e-05
54 3 -3.71841029e-07
55 3 0.000505179168
56 3 -0.000335545483
57 3 -0.00114531625
58 3 -1.18851838e-05
59 3 -2.20810664e-05
60 3 -4.62141756e-07
61 3 0.000444773116
62 3 -0.000301393766
63 3 -0.00105095467
64 3 -1.09595856e-05
65 3 -1.9777116e-05
66 3 -5.0262531e-07
67 3 0.000415732356
68 3 -0.000267155269
69 3 -0.000907673869
70 3 -9.80394592e-06
71 3 -1.83267461e-05
72 3 -4.24558017e-07
73 3 0.000465500929
74 3 -0.00028404981
75 3 -0.000972572209
76 3 -1.09525082e-05
77 3 -2.10705743e-05
78 3 -5.12962093e-07
79 3 0.000333751303
80 3 -0.000203499049
81 3 -0.00069664327
82 3 -7.31898017e-06
83 3 -1.52287186e-05
84 3 -3.06566036e-07
85 3 0.000209403377
86 3 -0.000147030033
87 3 -0.000451390202
88 3 -4.87709133e-06
89 3 -9.06347545e-06
90 3 -1.95506817e-07
91 3 0.000147748922
92 3 -0.000111970031
93 3 -0.00032305852
94 3 -3.61991614e-06
95 3 -5.87858741e-06
96 3 -2.10924414e-07
97 3 9.43921393e-05
98 3 -9.50788076e-05
99 3 -0.000285340493
100 3 -2.96597369e-06
101 3 -4.17765903e-06
102 3 -1.95136093e-07
103 3 0.000105778958
104 3 -9.87830421e-05
105 3 -0.000327826423
106 3 -3.15971591e-06
107 3 -5.49911693e-06
108 3 -1.66218298e-07
109 3 7.77744622e-05
110 3 -8.40995607e-05
111 3 -0.000295635876
112 3 -2.73995835e-06
113 3 -3.98874799e-06
114 3 -2.35246015e-07
115 3 5.32373378e-05
116 3 -6.69503504e-05
117 3 -0.000225039092
118 3 -2.08096477e-06
119 3 -2.72415535e-06
120 3 -1.80062784e-07
1 4 3.24629055
2 4 26.1691548
3 4 4.68770727
4 4 83.7528939
5 4 3.64262132e-06
6 4 -0.323286482
7 4 -0.000241122498
8 4 -0.00120173897
9 4 -4.62240438e-05
10 4 -1.97241203e-05
11 4 2.29620811e-06
12 4 2.92171596e-05
13 4 -0.000200959439
14 4 -0.00106932279
15 4 -4.24930393e-05
16 4 -1.71970713e-05
17 4 1.88274131e-06
18 4 2.28839508e-05
19 4 -0.000133033241
20 4 -0.000843721298
21 4 -3.22455827e-05
22 4 -1.3678063e-05
23 4 1.24126114e-06
24 4 1.68192436e-05
25 4 -9.89784502e-05
26 4 -0.000794448444
27 4 -2.55261613e-05
28 4 -1.30848848e-05
29 4 8.10726283e-07
30 4 1.8144344e-05
31 4 -0.00010211175
32 4 -0.000444965289
33 4 -2.22952948e-05
34 4 -6.39617332e-06
35 4 1.02234425e-06
36 4 8.93203479e-06
37 4 -9.06706559e-05
38 4 -0.000341864813
39 4 -1.90037117e-05
40 4 -4.91638005e-06
41 4 8.84846767e-07
42 4 6.61334999e-06
43 4 -3.39535082e-05
44 4 -0.00019364021
45 4 -9.92726994e-06
46 4 -2.72398978e-06
47 4 3.47284727e-07
48 4 3.50437081e-06
49 4 -4.06449728e-05
50 4 -0.000172891144
51 4 -1.21616576e-05
52 4 -2.4829564e-06
53 4 4.13406686e-07
54 4 3.03821233e-06
55 4 -3.902699e-05
56 4 -0.00014782261
57 4 -1.16455674e-05
58 4 -2.18174817e-06
59 4 3.96515574e-07
60 4 2.5623916e-06
61 4 -3.69869339e-05
62 4 -0.000136809501
63 4 -1.07022028e-05
64 4 -2.00271201e-06
65 4 3.73136793e-07
66 4 2.34342857e-06
67 4 -3.33196418e-05
68 4 -0.000118457892
69 4 -9.42847575e-06
70 4 -1.8407178e-06
71 4 3.33893719e-07
72 4 2.13295182e-06
73 4 -3.86813701e-05
74 4 -0.000128496407
75 4 -1.0662459e-05
76 4 -1.84217292e-06
77 4 3.80933117e-07
78 4 2.55683596e-06
79 4 -2.27635677e-05
80 4 -9.11820265e-05
81 4 -7.06886081e-06
82 4 -1.34784208e-06
83 4 2.22735053e-07
84 4 1.81191998e-06
85 4 -1.26040909e-05
86 4 -5.37458788e-05
87 4 -4.64347042e-06
88 4 -8.03250474e-07
89 4 1.25694599e-07
90 4 9.72242558e-07
91 4 -8.49155659e-06
92 4 -3.3121235e-05
93 4 -3.46879743e-06
94 4 -5.00347552e-07
95 4 8.45778923e-08
96 4 5.12102744e-07
97 4 -5.17305866e-06
98 4 -2.98737911e-05
99 4 -2.84117211e-06
100 4 -4.36060018e-07
101 4 5.8910577e-08
102 4 3.93221252e-07
103 4 -5.15501363e-06
104 4 -3.65837086e-05
105 4 -2.98905302e-06
106 4 -5.63833166e-07
107 4 6.23574964e-08
108 4 5.71890023e-07
109 4 -4.1271402e-06
110 4 -3.34151043e-05
111 4 -2.62026439e-06
112 4 -4.86809647e-07
113 4 5.13397444e-08
114 4 4.30916131e-07
115 4 -2.06923374e-06
116 4 -2.57576001e-05
117 4 -1.98430714e-06
118 4 -3.85462627e-07
119 4 3.02495506e-08
120 4 2.9039703e-07
1 5 -14.0253712
2 5 -3.24629055
3 5 6.9523869
4 5 3.64262132e-06
5 5 83.7529097
6 5 0.152364651
7 5 0.000284258034
8 5 0.000242469693
9 5 -0.000158988085
10 5 2.33249426e-06
11 5 -8.22972155e-06
12 5 -6.32006838e-06
13 5 0.000251306557
14 5 0.000202621776
15 5 -0.000131233383
16 5 1.92708314e-06
17 5 -7.27332864e-06
18 5 -5.49238151e-06
19 5 0.000191732629
20 5 0.000134693504
21 5 -9.5973282e-05
22 5 1.28523089e-06
23 5 -5.744787e-06
24 5 -3.83717276e-06
25 5 0.00016714469
26 5 0.000102807484
27 5 -9.47252415e-05
28 5 8.95622465e-07
29 5 -5.33712642e-06
30 5 -2.62216296e-06
31 5 0.000114670058
32 5 0.000103365272
33 5 -5.99084433e-05
34 5 1.04531434e-06
35 5 -3.06254765e-06
36 5 -2.83837009e-06
37 5 9.93603443e-05
38 5 9.1380604e-05
39 5 -4.48317992e-05
40 5 8.96691775e-07
41 5 -2.55004321e-06
42 5 -2.48175009e-06
43 5 5.02320826e-05
44 5 3.45596509e-05
45 5 -2.55328569e-05
46 5 3.59154715e-07
47 5 -1.33752644e-06
48 5 -1.0764932e-06
49 5 5.66882835e-05
50 5 4.08904589e-05
51 5 -2.38795868e-05
52 5 4.20239433e-07
53 5 -1.37815761e-06
54 5 -1.26449564e-06
55 5 5.31453345e-05
56 5 3.90372253e-05
57 5 -2.04685755e-05
58 5 3.99530291e-07
59 5 -1.27708017e-06
60 5 -1.22312622e-06
61 5 4.92046326e-05
62 5 3.69167446e-05
63 5 -1.81480342e-05
64 5 3.74472709e-07
65 5 -1.18587434e-06
66 5 -1.16687689e-06
67 5 4.36190261e-05
68 5 3.33171105e-05
69 5 -1.67237015e-05
70 5 3.33745365e-07
71 5 -1.11549296e-06
72 5 -1.00654704e-06
73 5 4.54707224e-05
74 5 3.87650814e-05
75 5 -1.94479412e-05
76 5 3.85283721e-07
77 5 -1.04931765e-06
78 5 -1.20683577e-06
79 5 3.00705108e-05
80 5 2.3013501e-05
81 5 -1.39446334e-05
82 5 2.2784635e-07
83 5 -7.48101099e-07
84 5 -7.12464483e-07
85 5 1.8864984e-05
86 5 1.25691857e-05
87 5 -8.16438813e-06
88 5 1.25462428e-07
89 5 -4.65912797e-07
90 5 -4.07361347e-07
91 5 1.42526118e-05
92 5 8.35388284e-06
93 5 -5.18930727e-06
94 5 8.30694817e-08
95 5 -3.25316161e-07
96 5 -2.8059002e-07
97 5 1.20784104e-05
98 5 4.97574407e-06
99 5 -3.57622131e-06
100 5 5.68342441e-08
101 5 -2.77403264e-07
102 5 -2.35115339e-07
103 5 1.34873661e-05
104 5 5.00590501e-06
105 5 -4.68234996e-06
106 5 6.27936711e-08
107 5 -3.39858347e-07
108 5 -2.67865609e-07
109 5 1.15979149e-05
110 5 3.8953056e-06
111 5 -3.25109362e-06
112 5 4.84594591e-08
113 5 -2.91993393e-07
114 5 -2.37030746e-07
115 5 8.7279694e-06
116 5 1.83572927e-06
117 5 -2.16882268e-06
118 5 2.6438489e-08
119 5 -2.33228845e-07
120 5 -1.65155609e-07
1 6 -13.8255637
2 6 -20.6029653
3 6 -4.52498164e-10
4 6 -0.323286482
5 6 0.152364651
6 6 84.0793852
7 6 0.000519668029
8 6 0.0017255833
9 6 1.2958554e-07
10 6 2.79238611e-05
11 6 -6.07379118e-06
12 6 -4.89598513e-05
13 6 0.000443885408
14 6 0.00134344958
15 6 1.37639145e-07
16 6 2.11197035e-05
17 6 -5.12171549e-06
18 6 -4.04025305e-05
19 6 0.000304912667
20 6 0.000928158873
21 6 -8.73187239e-08
22 6 1.4956083e-05
23 6 -3.48199213e-06
24 6 -3.0993322e-05
25 6 0.000225529528
26 6 0.000925237798
27 6 -3.07177732e-07
28 6 1.52387053e-05
29 6 -2.33740975e-06
30 6 -3.02274269e-05
31 6 0.000199113995
32 6 0.000550358878
33 6 2.60012985e-07
34 6 7.63688856e-06
35 6 -2.42279286e-06
36 6 -1.38453461e-05
37 6 0.000174695203
38 6 0.000413203785
39 6 2.70894927e-07
40 6 5.53131137e-06
41 6 -2.07273504e-06
42 6 -1.04249073e-05
43 6 7.39981897e-05
44 6 0.000196835763
45 6 9.0376528e-08
46 6 2.84075039e-06
47 6 -8.7398935e-07
48 6 -5.26570668e-06
49 6 8.21086962e-05
50 6 0.000165986764
51 6 2.16885822e-07
52 6 2.42652272e-06
53 6 -1.01247874e-06
54 6 -4.57565545e-06
55 6 7.7820322e-05
56 6 0.000137150832
57 6 2.71936027e-07
58 6 2.00867486e-06
59 6 -9.56741208e-07
60 6 -3.83508343e-06
61 6 7.35498705e-05
62 6 0.000124043811
63 6 2.80946703e-07
64 6 1.79291886e-06
65 6 -8.89664337e-07
66 6 -3.56734534e-06
67 6 5.95974808e-05
68 6 0.000111905855
69 6 2.18870944e-07
70 6 1.59823945e-06
71 6 -7.54685189e-07
72 6 -3.03829689e-06
73 6 6.79760858e-05
74 6 0.000128138869
75 6 2.44181111e-07
76 6 1.825211e-06
77 6 -8.6219582e-07
78 6 -3.49942232e-06
79 6 3.87271128e-05
80 6 8.86013773e-05
81 6 1.35049125e-07
82 6 1.26725269e-06
83 6 -5.04415848e-07
84 6 -2.31222806e-06
85 6 2.1510035e-05
86 6 4.65280615e-05
87 6 1.04119795e-07
88 6 6.77977556e-07
89 6 -2.89383866e-07
90 6 -1.22262836e-06
91 6 1.50924867e-05
92 6 2.43901322e-05
93 6 1.1185746e-07
94 6 3.6730913e-07
95 6 -1.9898533e-07
96 6 -6.62439884e-07
97 6 1.31626154e-05
98 6 1.61044486e-05
99 6 9.68995856e-08
100 6 2.72742228e-07
101 6 -1.60970374e-07
102 6 -5.89810859e-07
103 6 1.48012642e-05
104 6 1.95867208e-05
105 6 7.31655799e-08
106 6 3.70653739e-07
107 6 -1.77047328e-07
108 6 -7.69459246e-07
109 6 1.22555005e-05
110 6 1.65670647e-05
111 6 1.03749771e-07
112 6 2.81111667e-07
113 6 -1.50378041e-07
114 6 -6.65327527e-07
115 6 8.15954559e-06
116 6 1.04747538e-05
117 6 7.52814431e-08
118 6 1.86933449e-07
119 6 -1.02361166e-07
120 6 -4.84526159e-07
1 7 -0.0163694394
2 7 -0.0191226703
3 7 0.00316279422
4 7 -0.000241122498
5 7 0.000284258034
6 7 0.000519668029
7 7 890.541961
8 7 190.665
9 7 -136.460732
10 7 2.99112095
11 7 -13.3624928
12 7 -12.6530836
13 7 -0.0179611483
14 7 -0.0190737826
15 7 0.00356176782
16 7 -0.000241352627
17 7 0.000308200048
18 7 0.00055255934
19 7 -0.0145852023
20 7 -0.0138965388
21 7 0.00277457695
22 7 -0.000182516395
23 7 0.000244901277
24 7 0.000436870007
25 7 -0.011839925
26 7 -0.0103115432
27 7 0.00267382487
28 7 -0.000130512939
29 7 0.000215947915
30 7 0.000318383695
31 7 -0.00893045169
32 7 -0.0100908921
33 7 0.00187424771
34 7 -0.000131856114
35 7 0.00015424802
36 7 0.000306443894
37 7 -0.00748484028
38 7 -0.00762009052
39 7 0.00133184601
40 7 -9.91151552e-05
41 7 0.000124994364
42 7 0.000239890904
43 7 -0.00385914463
44 7 -0.00223400639
45 7 0.000810509679
46 7 -3.76340739e-05
47 7 6.87911217e-05
48 7 0.000104985473
49 7 -0.00441466832
50 7 -0.00340377239
51 7 0.000836472418
52 7 -4.76832857e-05
53 7 7.52599585e-05
54 7 0.000121251413
55 7 -0.00397116278
56 7 -0.00295422103
57 7 0.00076163442
58 7 -4.20827582e-05
59 7 6.84255992e-05
60 7 0.000108262178
61 7 -0.00356852145
62 7 -0.00238745463
63 7 0.00061870198
64 7 -3.59084138e-05
65 7 6.0567115e-05
66 7 9.86509042e-05
67 7 -0.00278930594
68 7 -0.00230350797
69 7 0.000603335521
70 7 -3.1444414e-05
71 7 5.26710493e-05
72 7 7.53482505e-05
73 7 -0.00328400874
74 7 -0.00302225787
75 7 0.000733762545
76 7 -4.00523792e-05
77 7 5.87293017e-05
78 7 9.68554319e-05
79 7 -0.00247320229
80 7 -0.00238820313
81 7 0.000593128557
82 7 -3.00860228e-05
83 7 4.57273141e-05
84 7 7.09748887e-05
85 7 -0.00161065271
86 7 -0.00146636292
87 7 0.000419629535
88 7 -1.85845728e-05
89 7 3.10944778e-05
90 7 4.38431119e-05
91 7 -0.00135820413
92 7 -0.0011374619
93 7 0.00034277754
94 7 -1.45633564e-05
95 7 2.58175416e-05
96 7 3.50309525e-05
97 7 -0.00126215782
98 7 -0.000718860906
99 7 0.00024794763
100 7 -1.09415951e-05
101 7 2.28703676e-05
102 7 3.23580915e-05
103 7 -0.00140630081
104 7 -0.000521675185
105 7 0.000257498523
106 7 -1.02443162e-05
107 7 2.51011551e-05
108 7 3.63470871e-05
109 7 -0.00102702025
110 7 -0.000340396501
111 7 0.000162951534
112 7 -6.83159403e-06
113 7 1.92181228e-05
114 7 2.5828833e-05
115 7 -0.000788602402
116 7 -0.000203404204
117 7 0.000125235815
118 7 -4.78756497e-06
119 7 1.57751436e-05
120 7 1.98300219e-05
1 8 -0.0191557852
2 8 -0.082114842
3 8 -0.00126878923
4 8 -0.00120173897
5 8 0.000242469693
6 8 0.0017255833
7 8 190.665
8 8 2187.73894
9 8 166.405339
10 8 24.4473327
11 8 -2.99112095
12 8 -20.8088832
13 8 -0.0190393163
14 8 -0.0910446047
15 8 -0.00143539192
16 8 -0.00127495219
17 8 0.000240196367
18 8 0.00185471649
19 8 -0.0138528589
20 8 -0.0722293298
21 8 -0.0012169633
22 8 -0.000989713098
23 8 0.000180950112
24 8 0.00141778214
25 8 -0.0101372658
26 8 -0.0662165808
27 8 -0.000995869422
28 8 -0.000943718475
29 8 0.000126587423
30 8 0.00140831909
31 8 -0.0100598877
32 8 -0.0442491358
33 8 -0.000877602141
34 8 -0.000567554176
35 8 0.000130675377
36 8 0.000826370276
37 8 -0.00763835746
38 8 -0.0308688734
39 8 -0.000734930333
40 8 -0.000387393574
41 8 9.86746262e-05
42 8 0.000530085091
43 8 -0.00224687561
44 8 -0.0181302421
45 8 -0.000459346416
46 8 -0.000226867493
47 8 3.72373952e-05
48 8 0.000255883364
49 8 -0.00343787492
50 8 -0.0161110905
51 8 -0.000533444604
52 8 -0.000204282188
53 8 4.75211804e-05
54 8 0.000242373512
55 8 -0.00299368968
56 8 -0.0137991177
57 8 -0.000500723761
58 8 -0.000178514573
59 8 4.19851427e-05
60 8 0.000211196587
61 8 -0.00245113955
62 8 -0.011876009
63 8 -0.000451672234
64 8 -0.000148798682
65 8 3.60732701e-05
66 8 0.000163024204
67 8 -0.00233054164
68 8 -0.00921733901
69 8 -0.000376765107
70 8 -0.000127793872
71 8 3.14716212e-05
72 8 0.00015290988
73 8 -0.0030567874
74 8 -0.0108048631
75 8 -0.000454109036
76 8 -0.000145893499
77 8 4.00279999e-05
78 8 0.000193212285
79 8 -0.00239788742
80 8 -0.00826766322
81 8 -0.000350837746
82 8 -0.000115294277
83 8 2.99208785e-05
84 8 0.000161125698
85 8 -0.00147777145
86 8 -0.00570628869
87 8 -0.000254204881
88 8 -7.99981749e-05
89 8 1.86066312e-05
90 8 0.000106698111
91 8 -0.00115108502
92 8 -0.00437792116
93 8 -0.000213208326
94 8 -6.12511584e-05
95 8 1.45823464e-05
96 8 7.77823248e-05
97 8 -0.000750808937
98 8 -0.00385927162
99 8 -0.000188673537
100 8 -5.15919264e-05
101 8 1.10927976e-05
102 8 5.66844581e-05
103 8 -0.000567734402
104 8 -0.00457103682
105 8 -0.000194047224
106 8 -6.01088348e-05
107 8 1.03693935e-05
108 8 6.51288598e-05
109 8 -0.000382040203
110 8 -0.00337815628
111 8 -0.000153818183
112 8 -4.43197287e-05
113 8 7.1091515e-06
114 8 4.18529107e-05
115 8 -0.000238035006
116 8 -0.00273767132
117 8 -0.000124634371
118 8 -3.65677447e-05
119 8 5.06568256e-06
120 8 3.24591865e-05
1 9 0.00326297619
2 9 -0.00132558899
3 9 -0.00610839289
4 9 -4.62240438e-05
5 9 -0.000158988085
6 9 1.2958554e-07
7 9 -136.460732
8 9 166.405339
9 9 604.391474
10 9 4.35888961
11 9 7.1536783
12 9 -8.75132299e-11
13 9 0.00346231045
14 9 -0.00140256766
15 9 -0.00672034828
16 9 -4.96052706e-05
17 9 -0.000172004833
18 9 8.28791886e-08
19 9 0.00262333944
20 9 -0.00118664143
21 9 -0.00541108048
22 9 -4.13913594e-05
23 9 -0.000131181119
24 9 3.57681567e-07
25 9 0.00243897445
26 9 -0.000948017434
27 9 -0.00488927703
28 9 -3.15822112e-05
29 9 -0.000127870273
30 9 5.27961991e-07
31 9 0.0016964301
32 9 -0.000774206555
33 9 -0.00339881057
34 9 -2.89020616e-05
35 9 -7.77714096e-05
36 9 -3.72954578e-07
37 9 0.00118904379
38 9 -0.000638064352
39 9 -0.00254023678
40 9 -2.33060113e-05
41 9 -5.302701e-05
42 9 -3.89631076e-07
43 9 0.000707943387
44 9 -0.000399668551
45 9 -0.00159907759
46 9 -1.31703391e-05
47 9 -3.16864635e-05
48 9 -1.80726077e-07
49 9 0.00072599828
50 9 -0.00044371339
51 9 -0.00155065708
52 9 -1.52623289e-05
53 9 -3.09116021e-05
54 9 -3.49677733e-07
55 9 0.000649361327
56 9 -0.000407222088
57 9 -0.00138140608
58 9 -1.40404097e-05
59 9 -2.78718934e-05
60 9 -3.79840229e-07
61 9 0.00052287768
62 9 -0.000357988127
63 9 -0.00119024325
64 9 -1.25007016e-05
65 9 -2.25211528e-05
66 9 -4.32929171e-07
67 9 0.000496102926
68 9 -0.000299616527
69 9 -0.000996158839
70 9 -1.05678558e-05
71 9 -2.1180878e-05
72 9 -3.01307263e-07
73 9 0.000582062953
74 9 -0.000342600953
75 9 -0.00114436999
76 9 -1.28875016e-05
77 9 -2.55753333e-05
78 9 -4.33422313e-07
79 9 0.000460359399
80 9 -0.000259915714
81 9 -0.00088672599
82 9 -9.66497218e-06
83 9 -2.04455399e-05
84 9 -3.37829401e-07
85 9 0.000322280942
86 9 -0.000194024838
87 9 -0.000629620145
88 9 -6.72123658e-06
89 9 -1.39915687e-05
90 9 -1.84033622e-07
91 9 0.000263734487
92 9 -0.000156842459
93 9 -0.00050670865
94 9 -5.41949471e-06
95 9 -1.10844389e-05
96 9 -2.16753909e-07
97 9 0.000189380342
98 9 -0.00013580551
99 9 -0.00043757743
100 9 -4.68838684e-06
101 9 -8.39113644e-06
102 9 -2.51758458e-07
103 9 0.000186522081
104 9 -0.000138491083
105 9 -0.000488585847
106 9 -4.78875377e-06
107 9 -9.48285732e-06
108 9 -2.33495543e-07
109 9 0.00012332374
110 9 -0.000106495073
111 9 -0.000372462802
112 9 -3.70238631e-06
113 9 -6.05155412e-06
114 9 -2.83700432e-07
115 9 9.20879522e-05
116 9 -8.5689869e-05
117 9 -0.000298639148
118 9 -2.96694216e-06
119 9 -4.69922702e-06
120 9 -2.33028046e-07
1 10 -0.000239098586
2 10 -0.00119087508
3 10 -4.61788358e-05
4 10 -1.97241203e-05
5 10 2.33249426e-06
6 10 2.79238611e-05
7 10 2.99112095
8 10 24.4473327
9 10 4.35888961
10 10 83.7308249
11 10 3.01799043e-06
12 10 -0.34113372
13 10 -0.000242503243
14 10 -0.00128447961
15 10 -4.93205344e-05
16 10 -2.06304714e-05
17 10 2.28006462e-06
18 10 2.99644118e-05
19 10 -0.000183608106
20 10 -0.00100354135
21 10 -4.06213615e-05
22 10 -1.58602848e-05
23 10 1.75027353e-06
24 10 2.32449171e-05
25 10 -0.000128662877
26 10 -0.000975202411
27 10 -3.10426461e-05
28 10 -1.59921383e-05
29 10 1.06055777e-06
30 10 2.45514091e-05
31 10 -0.000136970952
32 10 -0.000581851943
33 10 -2.86728694e-05
34 10 -8.23047731e-06
35 10 1.38456684e-06
36 10 1.1735425e-05
37 10 -0.000104434045
38 10 -0.000396867413
39 10 -2.29599627e-05
40 10 -5.68157518e-06
41 10 1.04477175e-06
42 10 7.44579179e-06
43 10 -3.88544563e-05
44 10 -0.000231706929
45 10 -1.29696504e-05
46 10 -3.29543792e-06
47 10 4.20903247e-07
48 10 3.96250788e-06
49 10 -5.00069625e-05
50 10 -0.00020718744
51 10 -1.50069664e-05
52 10 -2.97030495e-06
53 10 5.09547248e-07
54 10 3.61209818e-06
55 10 -4.43013673e-05
56 10 -0.000180099304
57 10 -1.3749918e-05
58 10 -2.64736714e-06
59 10 4.53546015e-07
60 10 3.17760516e-06
61 10 -3.83232949e-05
62 10 -0.000149527374
63 10 -1.22050503e-05
64 10 -2.18983415e-06
65 10 3.97902985e-07
66 10 2.46436127e-06
67 10 -3.34189393e-05
68 10 -0.000126849537
69 10 -1.01426099e-05
70 10 -1.9986534e-06
71 10 3.41499493e-07
72 10 2.26436445e-06
73 10 -4.30788191e-05
74 10 -0.000147111588
75 10 -1.25111753e-05
76 10 -2.15977867e-06
77 10 4.30281311e-07
78 10 2.87244335e-06
79 10 -3.24351482e-05
80 10 -0.000116259104
81 10 -9.34832361e-06
82 10 -1.73610568e-06
83 10 3.15396606e-07
84 10 2.3648963e-06
85 10 -1.99252013e-05
86 10 -8.00050635e-05
87 10 -6.39342492e-06
88 10 -1.18888415e-06
89 10 1.96233329e-07
90 10 1.55819448e-06
91 10 -1.55767698e-05
92 10 -6.02456359e-05
93 10 -5.17447808e-06
94 10 -9.02367606e-07
95 10 1.53228319e-07
96 10 1.13092252e-06
97 10 -1.19082759e-05
98 10 -5.06447867e-05
99 10 -4.48841997e-06
100 10 -7.53438503e-07
101 10 1.24432556e-07
102 10 8.56895456e-07
103 10 -1.11246982e-05
104 10 -5.92371579e-05
105 10 -4.54440433e-06
106 10 -8.96463175e-07
107 10 1.23692111e-07
108 10 1.06154135e-06
109 10 -7.53176169e-06
110 10 -4.32283256e-05
111 10 -3.54299494e-06
112 10 -6.43851693e-07
113 10 8.52670792e-08
114 10 6.42804573e-07
115 10 -5.35756277e-06
116 10 -3.57073623e-05
117 10 -2.83792251e-06
118 10 -5.43586074e-07
119 10 6.35119537e-08
120 10 5.08383187e-07
1 11 0.000287916122
2 11 0.0002377774
3 11 -0.000160388359
4 11 2.29620811e-06
5 11 -8.22972155e-06
6 11 -6.07379118e-06
7 11 -13.3624928
8 11 -2.99112095
9 11 7.1536783
10 11 3.01799043e-06
11 11 83.7308399
12 11 0.138548181
13 11 0.000303965193
14 11 0.000243679383
15 11 -0.000170568035
16 11 2.3090715e-06
17 11 -8.72435912e-06
18 11 -6.2561477e-06
19 11 0.000238115673
20 11 0.000185234221
21 11 -0.000128893662
22 11 1.78984415e-06
23 11 -6.6845749e-06
24 11 -4.9585206e-06
25 11 0.000206602532
26 11 0.000132924252
27 11 -0.000125714655
28 11 1.15206227e-06
29 11 -6.4470868e-06
30 11 -3.22260516e-06
31 11 0.000147436148
32 11 0.000138290529
33 11 -7.56190863e-05
34 11 1.40820183e-06
35 11 -3.8455817e-06
36 11 -3.8249721e-06
37 11 0.000118809433
38 11 0.000104997369
39 11 -5.11632996e-05
40 11 1.05413527e-06
41 11 -2.96809365e-06
42 11 -2.93866997e-06
43 11 6.31536172e-05
44 11 3.93327161e-05
45 11 -3.03958866e-05
46 11 4.31051011e-07
47 11 -1.65425891e-06
48 11 -1.29830144e-06
49 11 6.95332426e-05
50 11 5.02467433e-05
51 11 -2.93491245e-05
52 11 5.16527058e-07
53 11 -1.65414306e-06
54 11 -1.53259956e-06
55 11 6.22739506e-05
56 11 4.44805091e-05
57 11 -2.62248029e-05
58 11 4.59499034e-07
59 11 -1.50393812e-06
60 11 -1.37352465e-06
61 11 5.47264014e-05
62 11 3.82261437e-05
63 11 -2.09447731e-05
64 11 3.99448549e-07
65 11 -1.30516054e-06
66 11 -1.23255368e-06
67 11 4.59254679e-05
68 11 3.34926651e-05
69 11 -1.96487534e-05
70 11 3.425087e-07
71 11 -1.19904336e-06
72 11 -9.88822512e-07
73 11 5.21278692e-05
74 11 4.32116978e-05
75 11 -2.3861611e-05
76 11 4.35256446e-07
77 11 -1.23154418e-06
78 11 -1.30464231e-06
79 11 3.96925582e-05
80 11 3.27190475e-05
81 11 -1.89573458e-05
82 11 3.21375152e-07
83 11 -9.72467607e-07
84 11 -9.65334139e-07
85 11 2.60106879e-05
86 11 1.99810272e-05
87 11 -1.28480839e-05
88 11 1.97300709e-07
89 11 -6.57679123e-07
90 11 -5.98993056e-07
91 11 2.14587417e-05
92 11 1.563207e-05
93 11 -1.00713953e-05
94 11 1.54665175e-07
95 11 -5.26481721e-07
96 11 -4.74227978e-07
97 11 1.89711928e-05
98 11 1.18238562e-05
99 11 -7.48579575e-06
100 11 1.24308111e-07
101 11 -4.55454486e-07
102 11 -4.25798837e-07
103 11 2.03251037e-05
104 11 1.10467702e-05
105 11 -8.33132825e-06
106 11 1.25934357e-07
107 11 -5.16394626e-07
108 11 -4.6372109e-07
109 11 1.52842844e-05
110 11 7.31506901e-06
111 11 -5.14605638e-06
112 11 8.28198768e-08
113 11 -3.85870656e-07
114 11 -3.37903078e-07
115 11 1.21326599e-05
116 11 5.1576568e-06
117 11 -3.981024e-06
118 11 6.03847619e-08
119 11 -3.25487865e-07
120 11 -2.66651826e-07
1 12 0.000533963975
2 12 0.00178176406
3 12 -1.47062891e-07
4 12 2.92171596e-05
5 12 -6.32006838e-06
6 12 -4.89598513e-05
7 12 -12.6530836
8 12 -20.8088832
9 12 -8.75132299e-11
10 12 -0.34113372
11 12 0.138548181
12 12 84.0216193
13 12 0.000539161326
14 12 0.00180063638
15 12 -8.03459665e-08
16 12 2.87711927e-05
17 12 -6.06384144e-06
18 12 -4.94641825e-05
19 12 0.000415557481
20 12 0.00133457536
21 12 -3.15539848e-07
22 12 2.14248928e-05
23 12 -4.67484844e-06
24 12 -3.8134591e-05
25 12 0.000294529608
26 12 0.00129045419
27 12 -5.16941064e-07
28 12 2.14452378e-05
29 12 -2.97780543e-06
30 12 -3.85565451e-05
31 12 0.000278486707
32 12 0.00074848735
33 12 2.29280136e-07
34 12 1.03209405e-05
35 12 -3.36031253e-06
36 12 -1.90564298e-05
37 12 0.000214580211
38 12 0.000470075365
39 12 2.39037161e-07
40 12 6.41140952e-06
41 12 -2.53164456e-06
42 12 -1.22705034e-05
43 12 9.10509441e-05
44 12 0.000218406329
45 12 9.29200591e-08
46 12 3.31831842e-06
47 12 -1.09452414e-06
48 12 -6.17057388e-06
49 12 0.000103175113
50 12 0.000202258721
51 12 2.14343841e-07
52 12 2.97016871e-06
53 12 -1.26597306e-06
54 12 -5.53490094e-06
55 12 9.00897377e-05
56 12 0.000171305811
57 12 2.26164933e-07
58 12 2.55338007e-06
59 12 -1.11020355e-06
60 12 -4.69740258e-06
61 12 8.0816637e-05
62 12 0.000128659281
63 12 2.5664827e-07
64 12 1.95114311e-06
65 12 -9.76577662e-07
66 12 -3.77262336e-06
67 12 5.98565107e-05
68 12 0.000118877272
69 12 1.5542344e-07
70 12 1.75973345e-06
71 12 -7.74220556e-07
72 12 -3.09964897e-06
73 12 7.47526592e-05
74 12 0.000145970909
75 12 2.13532195e-07
76 12 2.13737648e-06
77 12 -9.75175546e-07
78 12 -3.83097831e-06
79 12 5.32454953e-05
80 12 0.000119314801
81 12 1.50261047e-07
82 12 1.70561565e-06
83 12 -7.02283041e-07
84 12 -3.01859552e-06
85 12 3.20050546e-05
86 12 7.69797373e-05
87 12 9.06689789e-08
88 12 1.1041031e-06
89 12 -4.32610009e-07
90 12 -1.93154951e-06
91 12 2.50066974e-05
92 12 5.46941162e-05
93 12 9.60399992e-08
94 12 7.95104043e-07
95 12 -3.35748905e-07
96 12 -1.38064469e-06
97 12 2.27253681e-05
98 12 3.80963538e-05
99 12 1.06957926e-07
100 12 5.88830394e-07
101 12 -2.9133241e-07
102 12 -1.13004743e-06
103 12 2.50525076e-05
104 12 4.07505867e-05
105 12 8.72844514e-08
106 12 6.9066536e-07
107 12 -3.05780367e-07
108 12 -1.37109384e-06
109 12 1.72059987e-05
110 12 2.61989423e-05
111 12 1.22084534e-07
112 12 4.25713412e-07
113 12 -2.1896276e-07
114 12 -9.13652536e-07
115 12 1.2731947e-05
116 12 1.98183152e-05
117 12 8.75959945e-08
118 12 3.28033826e-07
119 12 -1.6724687e-07
120 12 -7.34443103e-07
1 13 -0.0147289753
2 13 -0.0157444775
3 13 0.00269812187
4 13 -0.000200959439
5 13 0.000251306557
6 13 0.000443885408
7 13 -0.0179611483
8 13 -0.0190393163
9 13 0.00346231045
10 13 -0.000242503243
11 13 0.000303965193
12 13 0.000539161326
13 13 965.433715
14 13 169.662865
15 13 -141.765224
16 13 3.14389363
17 13 -14.5137834
18 13 -14.2901423
19 13 -0.0192219715
20 13 -0.0188427732
21 13 0.00333274639
22 13 -0.000245796708
23 13 0.000320953533
24 13 0.000594541331
25 13 -0.0147497757
26 13 -0.0129781982
27 13 0.00310279627
28 13 -0.000166356797
29 13 0.000266703938
30 13 0.00040804157
31 13 -0.0110697358
32 13 -0.0127675573
33 13 0.00230077668
34 13 -0.000168938073
35 13 0.00018965102
36 13 0.00038731618
37 13 -0.00975567215
38 13 -0.0103365387
39 13 0.00177251717
40 13 -0.000136222057
41 13 0.000162172522
42 13 0.000322583277
43 13 -0.00554341933
44 13 -0.00421898843
45 13 0.00113441257
46 13 -6.46499268e-05
47 13 9.60040127e-05
48 13 0.000167345842
49 13 -0.00542574352
50 13 -0.00483656746
51 13 0.0010791029
52 13 -6.72034954e-05
53 13 9.35612426e-05
54 13 0.000163983407
55 13 -0.00503676354
56 13 -0.00429649815
57 13 0.000972320007
58 13 -6.02610518e-05
59 13 8.67065221e-05
60 13 0.000150157259
61 13 -0.00464575857
62 13 -0.00407203901
63 13 0.000848754459
64 13 -5.87903054e-05
65 13 8.02118268e-05
66 13 0.000153156477
67 13 -0.00357977769
68 13 -0.00303852223
69 13 0.000717870672
70 13 -4.28105414e-05
71 13 6.47606996e-05
72 13 0.000107586326
73 13 -0.00421569111
74 13 -0.00381913437
75 13 0.000855060742
76 13 -5.2225146e-05
77 13 7.21509964e-05
78 13 0.000133828005
79 13 -0.00295476636
80 13 -0.0028854607
81 13 0.000728163933
82 13 -3.73175271e-05
83 13 5.43107987e-05
84 13 8.88686392e-05
85 13 -0.00199574635
86 13 -0.00192960836
87 13 0.000513285726
88 13 -2.47554049e-05
89 13 3.8115808e-05
90 13 5.81771199e-05
91 13 -0.00169873669
92 13 -0.00134612308
93 13 0.000407075723
94 13 -1.83136946e-05
95 13 3.08283723e-05
96 13 4.73486829e-05
97 13 -0.00149947682
98 13 -0.000970277644
99 13 0.000311223945
100 13 -1.45361144e-05
101 13 2.70590509e-05
102 13 4.23942233e-05
103 13 -0.00146924815
104 13 -0.000661275205
105 13 0.000292588535
106 13 -1.1742991e-05
107 13 2.67586218e-05
108 13 3.89953243e-05
109 13 -0.00108723612
110 13 -0.000324136955
111 13 0.000187064099
112 13 -7.35110768e-06
113 13 2.05219031e-05
114 13 2.83577271e-05
115 13 -0.000892161796
116 13 -0.000196226386
117 13 0.000152216338
118 13 -5.37748572e-06
119 13 1.7498367e-05
120 13 2.30103358e-05
1 14 -0.0157746277
2 14 -0.0743382123
3 14 -0.00116970148
4 14 -0.00106932279
5 14 0.000202621776
6 14 0.00134344958
7 14 -0.0190737826
8 14 -0.0910446047
9 14 -0.00140256766
10 14 -0.00128447961
11 14 0.000243679383
12 14 0.00180063638
13 14 169.662865
14 14 2464.75212
15 14 180.775172
16 14 26.952279
17 14 -3.14389363
18 14 -21.4943782
19 14 -0.0188338398
20 14 -0.0970782722
21 14 -0.00155300075
22 14 -0.0013446427
23 14 0.000245167531
24 14 0.00172384071
25 14 -0.0128434015
26 14 -0.0842899549
27 14 -0.00123689515
28 14 -0.00120864181
29 14 0.000163295165
30 14 0.00167134539
31 14 -0.0127309326
32 14 -0.0557470614
33 14 -0.00105639986
34 14 -0.000715433894
35 14 0.00016767518
36 14 0.00103596361
37 14 -0.0103454385
38 14 -0.0414036854
39 14 -0.000938387961
40 14 -0.000520929364
41 14 0.000135597944
42 14 0.000715346321
43 14 -0.00422794226
44 14 -0.0261296235
45 14 -0.000625871613
46 14 -0.00032631683
47 14 6.4092241e-05
48 14 0.000397534013
49 14 -0.00485735724
50 14 -0.0216846377
51 14 -0.000638588177
52 14 -0.000276034165
53 14 6.6832685e-05
54 14 0.000348309189
55 14 -0.00432899015
56 14 -0.0188044417
57 14 -0.000605145054
58 14 -0.000242787234
59 14 5.99990079e-05
60 14 0.000306352817
61 14 -0.00411670739
62 14 -0.0181394928
63 14 -0.000549710068
64 14 -0.0002295124
65 14 5.86089433e-05
66 14 0.000296849072
67 14 -0.00307105115
68 14 -0.0129894348
69 14 -0.000444366283
70 14 -0.000171696753
71 14 4.27757865e-05
72 14 0.000215795901
73 14 -0.00386335076
74 14 -0.0149435577
75 14 -0.000529062837
76 14 -0.000192785756
77 14 5.21478236e-05
78 14 0.000262447637
79 14 -0.00288811861
80 14 -0.0111076491
81 14 -0.000405601988
82 14 -0.000150711165
83 14 3.70077168e-05
84 14 0.000213276494
85 14 -0.00194436256
86 14 -0.00752006263
87 14 -0.000298509075
88 14 -0.000103285889
89 14 2.47834475e-05
90 14 0.000139849319
91 14 -0.00136563148
92 14 -0.00599544317
93 14 -0.000245796961
94 14 -7.98577406e-05
95 14 1.83003631e-05
96 14 0.000103202029
97 14 -0.000998925713
98 14 -0.00527580376
99 14 -0.000213699546
100 14 -6.85438754e-05
101 14 1.45921219e-05
102 14 8.24564567e-05
103 14 -0.000698398919
104 14 -0.0051040603
105 14 -0.000200663955
106 14 -6.77200832e-05
107 14 1.17863852e-05
108 14 7.75974074e-05
109 14 -0.000362154491
110 14 -0.00399371273
111 14 -0.000156568876
112 14 -5.16977701e-05
113 14 7.55835411e-06
114 14 5.12889521e-05
115 14 -0.000229740092
116 14 -0.00342889132
117 14 -0.000134818656
118 14 -4.45547258e-05
119 14 5.59620524e-06
120 14 4.28232549e-05
1 15 0.00285179663
2 15 -0.00124975781
3 15 -0.00563699217
4 15 -4.24930393e-05
5 15 -0.000131233383
6 15 1.37639145e-07
7 15 0.00356176782
8 15 -0.00143539192
9 15 -0.00672034828
10 15 -4.93205344e-05
11 15 -0.000170568035
12 15 -8.03459665e-08
13 15 -141.765224
14 15 180.775172
15 15 666.680551
16 15 4.81568721
17 15 7.45789039
18 15 -1.48666183e-10
19 15 0.00324251243
20 15 -0.00154969875
21 15 -0.0071177485
22 15 -5.50638875e-05
23 15 -0.000157040886
24 15 3.00765074e-07
25 15 0.00291682335
26 15 -0.00119267591
27 15 -0.00610715756
28 15 -4.04221214e-05
29 15 -0.000149620959
30 15 3.4172004e-07
31 15 0.0021281491
32 15 -0.000956235553
33 15 -0.00421542333
34 15 -3.59619039e-05
35 15 -9.74554472e-05
36 15 -3.35261839e-07
37 15 0.00160837794
38 15 -0.000835705307
39 15 -0.00335137319
40 15 -3.09179519e-05
41 15 -7.19430269e-05
42 15 -3.53282823e-07
43 15 0.00100389657
44 15 -0.000546659237
45 15 -0.00221598576
46 15 -1.90808427e-05
47 15 -4.55849723e-05
48 15 -2.47490479e-07
49 15 0.000942449889
50 15 -0.000540075975
51 15 -0.00197671836
52 15 -1.92793858e-05
53 15 -4.12269721e-05
54 15 -3.53399642e-07
55 15 0.000832982691
56 15 -0.00049854551
57 15 -0.00177858013
58 15 -1.79195731e-05
59 15 -3.69882104e-05
60 15 -4.13095883e-07
61 15 0.000706624931
62 15 -0.000437738112
63 15 -0.00162034661
64 15 -1.65630687e-05
65 15 -3.32153525e-05
66 15 -4.89777744e-07
67 15 0.000590950513
68 15 -0.000358582476
69 15 -0.00127033394
70 15 -1.30810195e-05
71 15 -2.65450225e-05
72 15 -3.36435385e-07
73 15 0.000682422657
74 15 -0.000407803098
75 15 -0.00143611444
76 15 -1.56549417e-05
77 15 -3.12392959e-05
78 15 -4.78144917e-07
79 15 0.00056780473
80 15 -0.0003090048
81 15 -0.00111517651
82 15 -1.15448799e-05
83 15 -2.57378144e-05
84 15 -3.21329888e-07
85 15 0.000395443885
86 15 -0.00023034693
87 15 -0.000791084414
88 15 -8.27986479e-06
89 15 -1.76087143e-05
90 15 -1.95169918e-07
91 15 0.000312710895
92 15 -0.000184246266
93 15 -0.000634025161
94 15 -6.49951398e-06
95 15 -1.36489675e-05
96 15 -2.31967559e-07
97 15 0.000234021874
98 15 -0.000155200285
99 15 -0.000544879122
100 15 -5.54916973e-06
101 15 -1.08077868e-05
102 15 -2.61508535e-07
103 15 0.00021211912
104 15 -0.000145533909
105 15 -0.000534051037
106 15 -5.07878419e-06
107 15 -1.0755508e-05
108 15 -2.08457811e-07
109 15 0.000138655733
110 15 -0.000110737678
111 15 -0.000415964115
112 15 -3.89404825e-06
113 15 -7.00109291e-06
114 15 -2.59290994e-07
115 15 0.000109167414
116 15 -9.43740574e-05
117 15 -0.000352468073
118 15 -3.26312373e-06
119 15 -5.71773628e-06
120 15 -2.24898905e-07
1 16 -0.000198306164
2 16 -0.00105221567
3 16 -4.26785533e-05
4 16 -1.71970713e-05
5 16 1.92708314e-06
6 16 2.11197035e-05
7 16 -0.000241352627
8 16 -0.00127495219
9 16 -4.96052706e-05
10 16 -2.06304714e-05
11 16 2.3090715e-06
12 16 2.87711927e-05
13 16 3.14389363
14 16 26.952279
15 16 4.81568721
16 16 83.7649088
17 16 3.19698635e-06
18 16 -0.358132672
19 16 -0.000246749645
20 16 -0.00135590968
21 16 -5.43316691e-05
22 16 -2.14687264e-05
23 16 2.36684669e-06
24 16 2.73827976e-05
25 16 -0.000165352797
26 16 -0.00124128581
27 16 -4.00913758e-05
28 16 -2.04031566e-05
29 16 1.40157066e-06
30 16 2.86892058e-05
31 16 -0.000174058104
32 16 -0.000730272191
33 16 -3.58201728e-05
34 16 -1.03398496e-05
35 16 1.77988133e-06
36 16 1.47241972e-05
37 16 -0.000142251367
38 16 -0.000532580663
39 16 -3.05961905e-05
40 16 -7.61154677e-06
41 16 1.44036339e-06
42 16 1.0123822e-05
43 16 -6.7206993e-05
44 16 -0.000334212269
45 16 -1.89295357e-05
46 16 -4.6863837e-06
47 16 7.12590315e-07
48 16 6.000691e-06
49 16 -7.05148764e-05
50 16 -0.000281647098
51 16 -1.90394862e-05
52 16 -4.00096161e-06
53 16 7.25247148e-07
54 16 5.15294604e-06
55 16 -6.36817146e-05
56 16 -0.000247286238
57 16 -1.76360149e-05
58 16 -3.58264458e-06
59 16 6.56013507e-07
60 16 4.58566874e-06
61 16 -6.35587714e-05
62 16 -0.000236232639
63 16 -1.62603812e-05
64 16 -3.38711356e-06
65 16 6.65797727e-07
66 16 4.48411132e-06
67 16 -4.61000997e-05
68 16 -0.000174202556
69 16 -1.26476664e-05
70 16 -2.61669087e-06
71 16 4.77984125e-07
72 16 3.21577109e-06
73 16 -5.69246662e-05
74 16 -0.000198426654
75 16 -1.52588296e-05
76 16 -2.8048225e-06
77 16 5.76404328e-07
78 16 3.92397435e-06
79 16 -4.01377766e-05
80 16 -0.000154084313
81 16 -1.11968958e-05
82 16 -2.2408788e-06
83 16 3.96250345e-07
84 16 3.13643755e-06
85 16 -2.67064907e-05
86 16 -0.000104475968
87 16 -7.90657527e-06
88 16 -1.52658527e-06
89 16 2.65301054e-07
90 16 2.05062393e-06
91 16 -1.97484303e-05
92 16 -8.04277562e-05
93 16 -6.23446437e-06
94 16 -1.16007953e-06
95 16 1.99043018e-07
96 16 1.52578435e-06
97 16 -1.59386088e-05
98 16 -6.91738741e-05
99 16 -5.34065001e-06
100 16 -9.920823e-07
101 16 1.65410095e-07
102 16 1.24128947e-06
103 16 -1.27257774e-05
104 16 -6.74050695e-05
105 16 -4.83360669e-06
106 16 -1.01573293e-06
107 16 1.38695623e-07
108 16 1.24791221e-06
109 16 -8.03518194e-06
110 16 -5.1336793e-05
111 16 -3.73729761e-06
112 16 -7.5149303e-07
113 16 9.34930203e-08
114 16 7.98276424e-07
115 16 -5.95257392e-06
116 16 -4.45806507e-05
117 16 -3.14169748e-06
118 16 -6.57517793e-07
119 16 7.20333281e-08
120 16 6.76248129e-07
1 17 0.000258520944
2 17 0.000196694362
3 17 -0.00013368222
4 17 1.88274131e-06
5 17 -7.27332864e-06
6 17 -5.12171549e-06
7 17 0.000308200048
8 17 0.000240196367
9 17 -0.000172004833
10 17 2.28006462e-06
11 17 -8.72435912e-06
12 17 -6.06384144e-06
13 17 -14.5137834
14 17 -3.14389363
