# name: debug
# type: sparse matrix
# nnz: 14400
# rows: 120
# columns: 120

1 1 653.019227
2 1 3.82489398
3 1 -44.281264
4 1 0.963816714
5 1 -9.56154599
6 1 -5.0625546
7 1 -0.0849276328
8 1 -0.0516770541
9 1 0.0123709309
10 1 -0.0156652378
11 1 1.19602401
12 1 0.0549422238
13 1 -0.0834311153
14 1 -0.0568537258
15 1 0.0110545671
16 1 -0.000796576481
17 1 0.00256863304
18 1 0.00133805753
19 1 -0.0727570161
20 1 -0.0493775824
21 1 0.00734930348
22 1 -0.000739724587
23 1 0.00291299567
24 1 0.00103042896
25 1 -0.0724290914
26 1 -0.0498600064
27 1 0.0091827226
28 1 -0.000796980362
29 1 0.00366847803
30 1 0.00108660999
31 1 -0.053894833
32 1 -0.0359657072
33 1 0.011329472
34 1 -0.000596967871
35 1 0.00449536246
36 1 0.00112521547
37 1 -0.0553649464
38 1 -0.0282444981
39 1 0.00911769654
40 1 -0.000642942065
41 1 0.00841968411
42 1 0.00108889464
43 1 -0.0202466423
44 1 -0.00150151478
45 1 -0.00132567234
46 1 -0.000115646129
47 1 0.000459902305
48 1 0.000188584609
49 1 -0.0321351011
50 1 -0.0202826676
51 1 0.00316303953
52 1 -0.000330536902
53 1 0.00068043882
54 1 0.000601159829
55 1 -0.0197885212
56 1 -0.00849979948
57 1 0.00265508424
58 1 -0.000165569898
59 1 0.000449663398
60 1 0.000337096987
61 1 -0.0223666175
62 1 -0.0116261014
63 1 0.00164922169
64 1 -0.000210184237
65 1 0.000538474313
66 1 0.000404446221
67 1 -0.0208778976
68 1 -0.00901616188
69 1 0.00182372325
70 1 -0.000184064914
71 1 0.000499284126
72 1 0.000415564059
73 1 -0.0150439778
74 1 -0.000228328931
75 1 -9.66598612e-05
76 1 -7.01935751e-05
77 1 0.000387395573
78 1 0.000214787749
79 1 -0.0125740233
80 1 -2.43790549e-05
81 1 0.000878612295
82 1 -6.34176356e-05
83 1 0.000386310529
84 1 0.000188712059
85 1 -0.0164098227
86 1 -0.00947835903
87 1 0.00315972115
88 1 -0.00016681044
89 1 0.000510641805
90 1 0.000416329737
91 1 -0.0108774763
92 1 -0.00204724572
93 1 0.00171007308
94 1 -6.91607525e-05
95 1 0.000506890363
96 1 0.000208112311
97 1 -0.0109841349
98 1 -0.00138225203
99 1 0.00143623035
100 1 -6.89264626e-05
101 1 0.000706259273
102 1 0.000226486172
103 1 -0.00902612795
104 1 0.00257385872
105 1 0.000828145539
106 1 -3.83940496e-05
107 1 0.0011264284
108 1 0.000172558196
109 1 -0.0102567729
110 1 0.00294632549
111 1 0.00109977518
112 1 -8.61488741e-05
113 1 0.00242001098
114 1 0.000337186511
115 1 -0.0145791351
116 1 0.00227076293
117 1 0.00264282646
118 1 -0.000350397619
119 1 0.00887696245
120 1 0.00126901568
1 2 3.82489398
2 2 1340.94276
3 2 122.238296
4 2 14.0802719
5 2 -0.963816733
6 2 -4.03166122
7 2 -0.0515446067
8 2 -0.293755509
9 2 -0.00824307974
10 2 -1.28643619
11 2 0.0123522991
12 2 0.353925292
13 2 -0.056660317
14 2 -0.254542949
15 2 -0.0078259645
16 2 -0.00474064106
17 2 0.000781355195
18 2 0.00260865514
19 2 -0.0490527529
20 2 -0.224093454
21 2 -0.00627990567
22 2 -0.00504407751
23 2 0.000713467587
24 2 0.00199441011
25 2 -0.0493022819
26 2 -0.233122381
27 2 -0.00636267017
28 2 -0.00599423988
29 2 0.000748589113
30 2 0.00258579216
31 2 -0.0355154529
32 2 -0.180578359
33 2 -0.00626247104
34 2 -0.00650014061
35 2 0.000533382454
36 2 0.00338116308
37 2 -0.0276473341
38 2 -0.16475497
39 2 -0.00551345801
40 2 -0.0107579373
41 2 0.000501873632
42 2 0.00378013432
43 2 -0.00117821785
44 2 -0.0685951098
45 2 -0.00203578019
46 2 -0.000996659404
47 2 0.000106196981
48 2 -5.4803042e-05
49 2 -0.0200628238
50 2 -0.107334949
51 2 -0.00411197402
52 2 -0.00154882995
53 2 0.000317242936
54 2 0.000879757692
55 2 -0.00823299835
56 2 -0.0662901183
57 2 -0.00280853599
58 2 -0.000979493248
59 2 0.000154867915
60 2 0.000607784179
61 2 -0.0113411615
62 2 -0.0789122619
63 2 -0.00281132267
64 2 -0.00119077324
65 2 0.000196430498
66 2 0.000650062702
67 2 -0.00880532949
68 2 -0.0742079484
69 2 -0.00283298933
70 2 -0.00107332644
71 2 0.000170926903
72 2 0.000660266496
73 2 -7.11132594e-05
74 2 -0.0470705001
75 2 -0.001891679
76 2 -0.000688823026
77 2 6.01929277e-05
78 2 0.000125616527
79 2 0.000236250492
80 2 -0.0439490591
81 2 -0.00171896414
82 2 -0.000709105923
83 2 5.10374505e-05
84 2 0.000320259516
85 2 -0.00940405021
86 2 -0.0594189814
87 2 -0.00263593694
88 2 -0.00100353851
89 2 0.000151186351
90 2 0.000971331643
91 2 -0.00187436054
92 2 -0.0348549844
93 2 -0.00165871532
94 2 -0.000783828204
95 2 5.26532828e-05
96 2 0.000507281116
97 2 -0.00129089061
98 2 -0.0315843192
99 2 -0.0016175093
100 2 -0.000958961844
101 2 4.81192482e-05
102 2 0.000495767099
103 2 0.00269657712
104 2 -0.0171766932
105 2 -0.00136773073
106 2 -0.00130129216
107 2 7.60440979e-06
108 2 0.000360143241
109 2 0.00306927168
110 2 -0.0187479495
111 2 -0.00149988423
112 2 -0.00275657826
113 2 2.3193051e-05
114 2 0.000801257333
115 2 0.00245885662
116 2 -0.0241085744
117 2 -0.00216767555
118 2 -0.0100698722
119 2 0.000134870063
120 2 0.003299515
1 3 -44.281264
2 3 122.238296
3 3 325.602962
4 3 2.13723239
5 3 2.0504794
6 3 1.89025336e-08
7 3 0.0124543637
8 3 -0.00785761385
9 3 -0.0322726314
10 3 -0.0488245093
11 3 -0.327475636
12 3 -0.000245426542
13 3 0.01140607
14 3 -0.00724659505
15 3 -0.0296628764
16 3 -0.000196594856
17 3 -0.000555244185
18 3 -2.24381825e-06
19 3 0.00821632942
20 3 -0.00566571677
21 3 -0.0262446419
22 3 -0.000158838422
23 3 -0.000512688587
24 3 -1.26578078e-06
25 3 0.0100901504
26 3 -0.00549388204
27 3 -0.026232032
28 3 -0.000181409438
29 3 -0.000800250836
30 3 -1.58137384e-07
31 3 0.0111952758
32 3 -0.0051532571
33 3 -0.0193727691
34 3 -0.000279609708
35 3 -0.00132430738
36 3 -7.88131563e-06
37 3 0.00959223418
38 3 -0.00438974145
39 3 -0.0181996079
40 3 -0.00038772775
41 3 -0.00227929519
42 3 -8.99416853e-06
43 3 -0.00028690981
44 3 -0.00174565315
45 3 -0.00809486844
46 3 -2.7219219e-05
47 3 2.18093772e-05
48 3 -1.44328642e-06
49 3 0.00378376867
50 3 -0.00298086021
51 3 -0.0124624448
52 3 -8.56673073e-05
53 3 -0.000135128544
54 3 -7.59201243e-06
55 3 0.00292087742
56 3 -0.0020458131
57 3 -0.00782054889
58 3 -5.56651021e-05
59 3 -0.000118278527
60 3 -5.41684864e-06
61 3 0.00232755987
62 3 -0.00188649938
63 3 -0.00877574916
64 3 -5.4393678e-05
65 3 -9.85261736e-05
66 3 -6.64744072e-06
67 3 0.00230403979
68 3 -0.00182326178
69 3 -0.00792690171
70 3 -5.64313532e-05
71 3 -0.000114912899
72 3 -7.82694897e-06
73 3 0.000659994129
74 3 -0.00136471245
75 3 -0.0050174369
76 3 -3.35000598e-05
77 3 -5.3770038e-05
78 3 -4.06062572e-06
79 3 0.00125950691
80 3 -0.0011970515
81 3 -0.00452800382
82 3 -3.21278449e-05
83 3 -9.24950536e-05
84 3 -4.4267978e-06
85 3 0.00291624855
86 3 -0.00142938618
87 3 -0.00590815487
88 3 -5.86559871e-05
89 3 -0.000189561682
90 3 -1.20898388e-05
91 3 0.00171911344
92 3 -0.00102606483
93 3 -0.00346467003
94 3 -3.94910561e-05
95 3 -0.000158724022
96 3 -7.65471359e-06
97 3 0.00151557245
98 3 -0.000978447021
99 3 -0.00307765836
100 3 -4.69199153e-05
101 3 -0.00020264502
102 3 -1.07156741e-05
103 3 0.000991222887
104 3 -0.000938787835
105 3 -0.00185224944
106 3 -5.95070898e-05
107 3 -0.000295046696
108 3 -1.49543902e-05
109 3 0.00125240632
110 3 -0.000944015447
111 3 -0.00190172371
112 3 -0.000116033657
113 3 -0.000643078256
114 3 -3.77626703e-05
115 3 0.00247592747
116 3 -0.00107886396
117 3 -0.00232938248
118 3 -0.000401054345
119 3 -0.00238680772
120 3 -0.000168392105
1 4 0.963816714
2 4 14.0802719
3 4 2.13723239
4 4 6.37729892
5 4 1.1745469e-05
6 4 -0.45273603
7 4 -0.000719105525
8 4 -0.00462693588
9 4 -0.000225905179
10 4 -1.42093127
11 4 -0.00198942412
12 4 0.388644645
13 4 -0.000787497297
14 4 -0.00442324846
15 4 -0.000188886056
16 4 -0.000225920415
17 4 9.5215696e-06
18 4 6.33374328e-05
19 4 -0.000724389379
20 4 -0.00440752847
21 4 -0.000139287349
22 4 -0.000294187622
23 4 9.80943837e-06
24 4 6.31003302e-05
25 4 -0.000763985442
26 4 -0.00472813118
27 4 -0.00014198014
28 4 -0.00041257797
29 4 1.06046976e-05
30 4 9.89133069e-05
31 4 -0.000513909001
32 4 -0.00392180872
33 4 -0.000202135849
34 4 -0.000601483158
35 4 6.13187429e-06
36 4 0.000184821122
37 4 -0.000449355218
38 4 -0.00440731966
39 4 -0.000191915287
40 4 -0.00120703925
41 4 5.63567702e-06
42 4 0.000337142769
43 4 -0.000113680703
44 4 -0.000965600045
45 4 -2.63505692e-05
46 4 -2.20253798e-05
47 4 1.60791615e-06
48 4 -4.46236277e-06
49 4 -0.000331867704
50 4 -0.00148481017
51 4 -8.776601e-05
52 4 -2.95142736e-05
53 4 3.55745644e-06
54 4 9.00963119e-06
55 4 -0.000160150116
56 4 -0.000901258502
57 4 -5.6888954e-05
58 4 -1.97035032e-05
59 4 1.75525239e-06
60 4 8.49734724e-06
61 4 -0.000208900457
62 4 -0.00110391951
63 4 -5.58064793e-05
64 4 -2.47690809e-05
65 4 2.24127684e-06
66 4 7.30211009e-06
67 4 -0.000180951172
68 4 -0.000971033687
69 4 -5.79325565e-05
70 4 -2.25398138e-05
71 4 1.95332212e-06
72 4 9.35249973e-06
73 4 -6.36490685e-05
74 4 -0.000578311153
75 4 -3.18816263e-05
76 4 -1.7772272e-05
77 4 7.65191934e-07
78 4 2.40382537e-06
79 4 -5.41747295e-05
80 4 -0.00055655939
81 4 -2.98089623e-05
82 4 -1.93883777e-05
83 4 6.21173344e-07
84 4 6.15372303e-06
85 4 -0.000162477515
86 4 -0.000779722062
87 4 -5.76734666e-05
88 4 -2.54534344e-05
89 4 1.52757117e-06
90 4 1.68519078e-05
91 4 -5.64168788e-05
92 4 -0.00046600204
93 4 -3.2491095e-05
94 4 -2.7181857e-05
95 4 4.21567136e-07
96 4 1.129607e-05
97 4 -5.13012455e-05
98 4 -0.000436699899
99 4 -3.36861414e-05
100 4 -3.91709811e-05
101 4 3.38221855e-07
102 4 1.39475333e-05
103 4 1.70345145e-06
104 4 -0.000293250936
105 4 -3.09019488e-05
106 4 -6.55633357e-05
107 4 -1.01717486e-07
108 4 2.04521903e-05
109 4 9.5573861e-07
110 4 -0.00038631003
111 4 -4.12612808e-05
112 4 -0.000143801206
113 4 -5.66695481e-08
114 4 4.44629297e-05
115 4 -1.49116837e-05
116 4 -0.00068093083
117 4 -7.79475196e-05
118 4 -0.000535210309
119 4 1.29577044e-06
120 4 0.00017734012
1 5 -9.56154599
2 5 -0.963816733
3 5 2.0504794
4 5 1.1745469e-05
5 5 6.37733781
6 5 0.104256874
7 5 0.00213108702
8 5 0.000725606991
9 5 -0.000550919045
10 5 0.00179481957
11 5 -1.42059793
12 5 -0.059333662
13 5 0.00226034978
14 5 0.000800901839
15 5 -0.000463750388
16 5 1.07144202e-05
17 5 -0.000193753864
18 5 -1.5837575e-05
19 5 0.0022884928
20 5 0.000745593191
21 5 -0.000330723948
22 5 1.20541706e-05
23 5 -0.000256959056
24 5 -1.25592548e-05
25 5 0.00247151453
26 5 0.00079857292
27 5 -0.000455247702
28 5 1.51143362e-05
29 5 -0.000367213109
30 5 -1.4975527e-05
31 5 0.00220460428
32 5 0.000545654474
33 5 -0.000679850148
34 5 1.3611852e-05
35 5 -0.000552233089
36 5 -3.43714893e-05
37 5 0.00281568199
38 5 0.000497187077
39 5 -0.000721103609
40 5 2.3755913e-05
41 5 -0.00112329382
42 5 -5.53982164e-05
43 5 0.000379350964
44 5 0.000122226319
45 5 4.86142497e-05
46 5 1.8831727e-06
47 5 -1.50556891e-05
48 5 -9.44424764e-07
49 5 0.000572184336
50 5 0.000343659565
51 5 -9.55227105e-05
52 5 3.94515278e-06
53 5 -1.9521335e-05
54 5 -6.71900636e-06
55 5 0.000357611933
56 5 0.000169154854
57 5 -8.65839862e-05
58 5 2.06707896e-06
59 5 -1.38770674e-05
60 5 -4.20109656e-06
61 5 0.000412822435
62 5 0.000220322854
63 5 -5.56933529e-05
64 5 2.65802531e-06
65 5 -1.71756428e-05
66 5 -4.68421577e-06
67 5 0.00036985417
68 5 0.00019128813
69 5 -7.06222908e-05
70 5 2.37846481e-06
71 5 -1.62564306e-05
72 5 -5.10782112e-06
73 5 0.000255214863
74 5 7.04116581e-05
75 5 -1.10340557e-05
76 5 1.14329316e-06
77 5 -1.43618491e-05
78 5 -2.36510917e-06
79 5 0.000225366958
80 5 6.2279369e-05
81 5 -4.23770376e-05
82 5 1.0816879e-06
83 5 -1.57643003e-05
84 5 -2.43150575e-06
85 5 0.000295286187
86 5 0.000172031445
87 5 -0.000119784992
88 5 2.14738436e-06
89 5 -2.02899956e-05
90 5 -6.24205783e-06
91 5 0.000213243974
92 5 6.41232044e-05
93 5 -7.07117808e-05
94 5 1.15734842e-06
95 5 -2.41312177e-05
96 5 -3.69729665e-06
97 5 0.000229003731
98 5 5.82470926e-05
99 5 -6.7115537e-05
100 5 1.37130877e-06
101 5 -3.60393546e-05
102 5 -4.938735e-06
103 5 0.000228428504
104 5 4.29321985e-06
105 5 -5.76146094e-05
106 5 1.55388667e-06
107 5 -6.20495001e-05
108 5 -6.9268329e-06
109 5 0.000311742686
110 5 6.79583658e-06
111 5 -8.1050122e-05
112 5 3.40946855e-06
113 5 -0.000136460698
114 5 -1.60866738e-05
115 5 0.000563253636
116 5 2.81113117e-05
117 5 -0.000168034921
118 5 1.33283862e-05
119 5 -0.000506633646
120 5 -6.76958869e-05
1 6 -5.0625546
2 6 -4.03166122
3 6 1.89025336e-08
4 6 -0.45273603
5 6 0.104256874
6 6 5.04949484
7 6 0.00138585771
8 6 0.00273843381
9 6 2.15101e-06
10 6 0.389749626
11 6 -0.0578706779
12 6 -0.109085923
13 6 0.00129361938
14 6 0.00246714203
15 6 2.27416059e-06
16 6 6.48625577e-05
17 6 -1.60134496e-05
18 6 -8.50561413e-05
19 6 0.000986620111
20 6 0.00181828862
21 6 1.63400112e-06
22 6 6.81931182e-05
23 6 -1.37972036e-05
24 6 -8.98717306e-05
25 6 0.00102055073
26 6 0.00219984568
27 6 1.40241531e-06
28 6 0.000106418529
29 6 -1.75311364e-05
30 6 -0.000105810629
31 6 0.000921258789
32 6 0.00244444424
33 6 6.45395981e-06
34 6 0.000184282613
35 6 -3.19344243e-05
36 6 -9.53525623e-05
37 6 0.000750061037
38 6 0.00190458055
39 6 6.34062182e-06
40 6 0.000339486646
41 6 -5.11715588e-05
42 6 -0.000132230602
43 6 0.000179787309
44 6 -3.06794456e-06
45 6 1.4192616e-06
46 6 -1.39885388e-06
47 6 -1.22637978e-06
48 6 -1.6479425e-05
49 6 0.000519190294
50 6 0.000766444854
51 6 6.11275742e-06
52 6 1.01365721e-05
53 6 -5.93906647e-06
54 6 -2.99101091e-05
55 6 0.000279605751
56 6 0.000498809242
57 6 4.14007306e-06
58 6 8.38201264e-06
59 6 -3.51551815e-06
60 6 -1.640493e-05
61 6 0.000334746595
62 6 0.00054434131
63 6 4.91183443e-06
64 6 8.11846694e-06
65 6 -3.90451669e-06
66 6 -2.15420466e-05
67 6 0.000333528284
68 6 0.000514666607
69 6 5.45452594e-06
70 6 9.15890801e-06
71 6 -4.04974092e-06
72 6 -1.93491303e-05
73 6 0.000175668871
74 6 9.62038604e-05
75 6 2.85749774e-06
76 6 3.80816559e-06
77 6 -1.96040072e-06
78 6 -9.71460805e-06
79 6 0.00014478892
80 6 0.00022396203
81 6 2.79930733e-06
82 6 6.47989808e-06
83 6 -1.88300301e-06
84 6 -9.83870218e-06
85 6 0.000295837115
86 6 0.00065565272
87 6 6.74157648e-06
88 6 1.38903724e-05
89 6 -4.29161722e-06
90 6 -1.77174284e-05
91 6 0.000137100985
92 6 0.000307502194
93 6 3.63943194e-06
94 6 1.04586049e-05
95 6 -2.45268091e-06
96 6 -9.25325554e-06
97 6 0.000133483457
98 6 0.000251884261
99 6 4.02976399e-06
100 6 1.29766745e-05
101 6 -2.92429536e-06
102 6 -9.18013406e-06
103 6 5.36539174e-05
104 6 3.45102744e-05
105 6 3.36965877e-06
106 6 1.77528688e-05
107 6 -3.25934799e-06
108 6 -6.54094851e-06
109 6 5.78719681e-05
110 6 5.27561772e-05
111 6 5.16251624e-06
112 6 3.89754475e-05
113 6 -6.87799834e-06
114 6 -1.34775242e-05
115 6 7.44140018e-05
116 6 0.000137450819
117 6 1.09435661e-05
118 6 0.000145461074
119 6 -2.52780027e-05
120 6 -5.19959271e-05
1 7 -0.0849276328
2 7 -0.0515446067
3 7 0.0124543637
4 7 -0.000719105525
5 7 0.00213108702
6 7 0.00138585771
7 7 660.522591
8 7 -14.2925175
9 7 -42.5243693
10 7 0.889765091
11 7 -8.45488596
12 7 -5.09364355
13 7 -0.0984280814
14 7 -0.0682990922
15 7 0.0127181105
16 7 -0.000943610276
17 7 0.00286119103
18 7 0.00169840781
19 7 -0.0873882225
20 7 -0.0612014937
21 7 0.0100601995
22 7 -0.000868808909
23 7 0.00316964091
24 7 0.00148059761
25 7 -0.0814551353
26 7 -0.0541023966
27 7 0.0113072816
28 7 -0.000837862012
29 7 0.00390766471
30 7 0.00144752479
31 7 -0.0702019303
32 7 -0.0499956494
33 7 0.012597211
34 7 -0.000815878586
35 7 0.00530007553
36 7 0.00136398674
37 7 -0.071974936
38 7 -0.0415883365
39 7 0.00906574826
40 7 -0.000870605001
41 7 0.00974542747
42 7 0.00136442991
43 7 -0.0251060267
44 7 -0.00276733383
45 7 -0.000881724401
46 7 -0.000155269599
47 7 0.000532599744
48 7 0.000284350699
49 7 -0.0372459546
50 7 -0.021509185
51 7 0.00343328223
52 7 -0.000380910095
53 7 0.000757838685
54 7 0.000735690263
55 7 -0.0242852765
56 7 -0.0108656007
57 7 0.00308015369
58 7 -0.000208530477
59 7 0.00051754981
60 7 0.000446403202
61 7 -0.0264337655
62 7 -0.0136939458
63 7 0.00179684725
64 7 -0.000253953688
65 7 0.000601049576
66 7 0.000515077073
67 7 -0.0243377042
68 7 -0.00992358274
69 7 0.0018964194
70 7 -0.000214457562
71 7 0.000552854932
72 7 0.00050721493
73 7 -0.0164898204
74 7 -0.000332457579
75 7 0.000108556725
76 7 -8.34062672e-05
77 7 0.000419463531
78 7 0.000250928898
79 7 -0.0134301155
80 7 0.000762028161
81 7 0.000712777134
82 7 -6.44288651e-05
83 7 0.000403520676
84 7 0.000203751766
85 7 -0.0176451145
86 7 -0.00926507655
87 7 0.00307087209
88 7 -0.000174978704
89 7 0.000535354412
90 7 0.000447725191
91 7 -0.0115097316
92 7 -0.000361133576
93 7 0.00119827875
94 7 -5.65963206e-05
95 7 0.000516266776
96 7 0.000200007653
97 7 -0.0122428979
98 7 -0.000813622916
99 7 0.0013992512
100 7 -7.16378305e-05
101 7 0.000745466081
102 7 0.000249048242
103 7 -0.00987833003
104 7 0.00382298462
105 7 0.000689303273
106 7 -3.44888005e-05
107 7 0.00118254173
108 7 0.000184732294
109 7 -0.0114266705
110 7 0.00407847751
111 7 0.00107473528
112 7 -8.52700489e-05
113 7 0.00254572223
114 7 0.000361194639
115 7 -0.0155286144
116 7 0.00325700176
117 7 0.00266213876
118 7 -0.000355298762
119 7 0.00932426
120 7 0.00133159627
1 8 -0.0516770541
2 8 -0.293755509
3 8 -0.00785761385
4 8 -0.00462693588
5 8 0.000725606991
6 8 0.00273843381
7 8 -14.2925175
8 8 1407.06465
9 8 123.960665
10 8 13.2357783
11 8 -0.889746498
12 8 -3.82905213
13 8 -0.0681797447
14 8 -0.327329242
15 8 -0.00938752457
16 8 -0.00578651189
17 8 0.0009359932
18 8 0.00325738177
19 8 -0.060974765
20 8 -0.296939232
21 8 -0.00816667958
22 8 -0.00600321461
23 8 0.000852151951
24 8 0.00294719344
25 8 -0.0535947678
26 8 -0.298082851
27 8 -0.00783687156
28 8 -0.00691295571
29 8 0.000801739432
30 8 0.00349187841
31 8 -0.0493459912
32 8 -0.261956831
33 8 -0.00713458473
34 8 -0.00822883991
35 8 0.000753376286
36 8 0.0041511733
37 8 -0.0409980857
38 8 -0.229722373
39 8 -0.00660580149
40 8 -0.0128567526
41 8 0.000735224417
42 8 0.00396474798
43 8 -0.00247687199
44 8 -0.0870787227
45 8 -0.0025684329
46 8 -0.00120590377
47 8 0.00014610282
48 8 3.95539711e-05
49 8 -0.021311072
50 8 -0.131496163
51 8 -0.00458941067
52 8 -0.00181207887
53 8 0.000368049837
54 8 0.00103921189
55 8 -0.0106487419
56 8 -0.0823642772
57 8 -0.00331434224
58 8 -0.00116009667
59 8 0.000198128336
60 8 0.000756361866
61 8 -0.0134841835
62 8 -0.0943367504
63 8 -0.00325887395
64 8 -0.00136247138
65 8 0.000240993488
66 8 0.0007692505
67 8 -0.0097694127
68 8 -0.088122978
69 8 -0.00320780872
70 8 -0.00122076279
71 8 0.000201837442
72 8 0.000750274492
73 8 -0.000156178734
74 8 -0.0557379097
75 8 -0.00204447312
76 8 -0.000800042291
77 8 7.30032603e-05
78 8 0.000215591471
79 8 0.000997576481
80 8 -0.0478529271
81 8 -0.00177305745
82 8 -0.000752049274
83 8 5.27125668e-05
84 8 0.000326590938
85 8 -0.00922278083
86 8 -0.0647016732
87 8 -0.00273295974
88 8 -0.00106497336
89 8 0.000160181096
90 8 0.00101982628
91 8 -0.000272754883
92 8 -0.032600978
93 8 -0.00167114383
94 8 -0.000740944076
95 8 4.23726505e-05
96 8 0.000387826453
97 8 -0.000752809646
98 8 -0.0354054312
99 8 -0.00176379304
100 8 -0.0010162163
101 8 5.18396297e-05
102 8 0.000515239509
103 8 0.00392725616
104 8 -0.0196491592
105 8 -0.00143947769
106 8 -0.00136604171
107 8 5.3347333e-06
108 8 0.000358032453
109 8 0.00417791717
110 8 -0.0220294588
111 8 -0.00163586792
112 8 -0.00290183127
113 8 2.57819017e-05
114 8 0.000827985366
115 8 0.0034139306
116 8 -0.0264183801
117 8 -0.00224686872
118 8 -0.0105668731
119 8 0.000153424455
120 8 0.00344806569
1 9 0.0123709309
2 9 -0.00824307974
3 9 -0.0322726314
4 9 -0.000225905179
5 9 -0.000550919045
6 9 2.15101e-06
7 9 -42.5243693
8 9 123.960665
9 9 339.395063
10 9 2.12200646
11 9 1.83269926
12 9 1.12945062e-06
13 9 0.0128629561
14 9 -0.00908324065
15 9 -0.0364127909
16 9 -0.000277821394
17 9 -0.000671037188
18 9 -1.86610231e-06
19 9 0.0104633813
20 9 -0.00764657586
21 9 -0.0325492925
22 9 -0.000258304342
23 9 -0.000688991822
24 9 -3.25968941e-06
25 9 0.011676148
26 9 -0.00701965748
27 9 -0.0312221255
28 9 -0.000277790298
29 9 -0.000996824976
30 9 -4.18082019e-06
31 9 0.0127076434
32 9 -0.00611834662
33 9 -0.0262901082
34 9 -0.000321165801
35 9 -0.00148755421
36 9 -6.09904831e-06
37 9 0.0099706248
38 9 -0.00544284305
39 9 -0.0242381732
40 9 -0.000456368056
41 9 -0.00252501398
42 9 -7.68812754e-06
43 9 6.40335422e-05
44 9 -0.00222739636
45 9 -0.00996652713
46 9 -3.99729286e-05
47 9 7.40485909e-06
48 9 -2.05702491e-06
49 9 0.00402209368
50 9 -0.00347216854
51 9 -0.0145471647
52 9 -0.00010040639
53 9 -0.000153239112
54 9 -7.82994643e-06
55 9 0.00333919869
56 9 -0.00248274532
57 9 -0.00940819245
58 9 -6.92931957e-05
59 9 -0.000138058132
60 9 -6.05662512e-06
61 9 0.00247807832
62 9 -0.00226221096
63 9 -0.0101920909
64 9 -6.67667618e-05
65 9 -0.000109846446
66 9 -7.41840514e-06
67 9 0.00239617054
68 9 -0.0021437345
69 9 -0.00914065516
70 9 -6.65770114e-05
71 9 -0.000125451512
72 9 -8.40753645e-06
73 9 0.000796973201
74 9 -0.00149582109
75 9 -0.0058052766
76 9 -3.76812641e-05
77 9 -6.58017454e-05
78 9 -4.38014233e-06
79 9 0.00111764818
80 9 -0.00128280276
81 9 -0.00483723959
82 9 -3.40081014e-05
83 9 -9.29377542e-05
84 9 -4.27846144e-06
85 9 0.00287096225
86 9 -0.00156301022
87 9 -0.00631381068
88 9 -6.24612447e-05
89 9 -0.000195443049
90 9 -1.18241256e-05
91 9 0.00136395012
92 9 -0.00113421737
93 9 -0.00325252671
94 9 -4.03709281e-05
95 9 -0.000147576572
96 9 -6.74205755e-06
97 9 0.0015140292
98 9 -0.00111647238
99 9 -0.00340482697
100 9 -5.13605342e-05
101 9 -0.000211050436
102 9 -1.08432101e-05
103 9 0.000881601083
104 9 -0.00102921614
105 9 -0.0020304593
106 9 -6.3867408e-05
107 9 -0.00030564367
108 9 -1.50238913e-05
109 9 0.00124897525
110 9 -0.00106743522
111 9 -0.00218040722
112 9 -0.00012575081
113 9 -0.000671997938
114 9 -3.8477012e-05
115 9 0.00248698201
116 9 -0.00115787547
117 9 -0.00246365296
118 9 -0.000432045013
119 9 -0.00249482084
120 9 -0.000171772996
1 10 -0.0156652378
2 10 -1.28643619
3 10 -0.0488245093
4 10 -1.42093127
5 10 0.00179481957
6 10 0.389749626
7 10 0.889765091
8 10 13.2357783
9 10 2.12200646
10 10 -1.4903336
11 10 2.8304369
12 10 1.80823837
13 10 0.0115335635
14 10 1.27274296
15 10 0.0500941022
16 10 -1.41652328
17 10 -0.0013807521
18 10 0.386081815
19 10 0.00479576529
20 10 0.631914648
21 10 0.0251852429
22 10 -0.352372719
23 10 -0.00069933942
24 10 0.0961098968
25 10 0.00269293678
26 10 0.41986481
27 10 0.0174540799
28 10 -0.157702745
29 10 -0.000473796739
30 10 0.0428196016
31 10 0.00106563427
32 10 0.314402729
33 10 0.0123898214
34 10 -0.089931195
35 10 -0.00043365887
36 10 0.0242145054
37 10 -0.000682292674
38 10 -0.00607334676
39 10 -0.000239260112
40 10 -0.00157206161
41 10 1.05853707e-05
42 10 0.00042306673
43 10 -0.000153738857
44 10 -0.00117868881
45 10 -3.91793294e-05
46 10 -2.56785567e-05
47 10 2.10748949e-06
48 10 -3.26589243e-06
49 10 -0.000382871146
50 10 -0.00175757166
51 10 -0.000102322006
52 10 -3.38621827e-05
53 10 4.23577011e-06
54 10 1.15765895e-05
55 10 -0.000204118753
56 10 -0.00108631169
57 10 -7.06145822e-05
58 10 -2.27384352e-05
59 10 2.23699894e-06
60 10 1.07489997e-05
61 10 -0.000254475015
62 10 -0.00128251501
63 10 -6.82543826e-05
64 10 -2.79207693e-05
65 10 2.77881797e-06
66 10 9.0687377e-06
67 10 -0.000212375983
68 10 -0.00112361862
69 10 -6.81194704e-05
70 10 -2.53518165e-05
71 10 2.34874833e-06
72 10 1.09665174e-05
73 10 -7.69200163e-05
74 10 -0.000689261295
75 10 -3.61450747e-05
76 10 -2.03458125e-05
77 10 9.50810996e-07
78 10 3.91705329e-06
79 10 -5.56559902e-05
80 10 -0.000600653448
81 10 -3.12963368e-05
82 10 -2.11454858e-05
83 10 6.88735751e-07
84 10 6.57855054e-06
85 10 -0.00017133377
86 10 -0.000840610262
87 10 -6.09201328e-05
88 10 -2.77266744e-05
89 10 1.66572525e-06
90 10 1.80981945e-05
91 10 -4.42699044e-05
92 10 -0.000419314808
93 10 -3.20351276e-05
94 10 -2.85106781e-05
95 10 3.41685549e-07
96 10 1.01959392e-05
97 10 -5.4081411e-05
98 10 -0.000478200292
99 10 -3.71006444e-05
100 10 -4.31046613e-05
101 10 4.17771954e-07
102 10 1.51901371e-05
103 10 6.15844695e-06
104 10 -0.000321249948
105 10 -3.32245551e-05
106 10 -7.22349284e-05
107 10 -4.03429494e-08
108 10 2.24355877e-05
109 10 3.31444653e-06
110 10 -0.00043150393
111 10 -4.56497965e-05
112 10 -0.000158645596
113 10 1.37660812e-07
114 10 4.90255269e-05
115 10 -1.38915885e-05
116 10 -0.0007461684
117 10 -8.46251074e-05
118 10 -0.000590325462
119 10 2.17933777e-06
120 10 0.000195611232
1 11 1.19602401
2 11 0.0123522991
3 11 -0.327475636
4 11 -0.00198942412
5 11 -1.42059793
6 11 -0.0578706779
7 11 -8.45488596
8 11 -0.889746498
9 11 1.83269926
10 11 2.8304369
11 11 11.4333117
12 11 0.0796415791
13 11 -1.18973755
14 11 -0.0142253569
15 11 0.323784591
16 11 0.00169933856
17 11 -1.41690094
18 11 -0.0600686874
19 11 -0.59182914
20 11 -0.00749625978
21 11 0.161298205
22 11 0.000848351104
23 11 -0.352421023
24 11 -0.0151512469
25 11 -0.394623239
26 11 -0.0055378356
27 11 0.106974511
28 11 0.00062182909
29 11 -0.157752724
30 11 -0.00708577161
31 11 -0.296348796
32 11 -0.00413680464
33 11 0.0795523793
34 11 0.000467959189
35 11 -0.08996667
36 11 -0.00382002458
37 11 0.00369265362
38 11 0.000734645798
39 11 -0.000845665869
40 11 3.00816827e-05
41 11 -0.00145876791
42 11 -6.99821926e-05
43 11 0.000455392049
44 11 0.000162173972
45 11 3.37228208e-05
46 11 2.37575955e-06
47 11 -1.72157038e-05
48 11 -1.90592869e-06
49 11 0.000653390496
50 11 0.000394501724
51 11 -0.000114361724
52 11 4.61503922e-06
53 11 -2.19137784e-05
54 11 -8.25439873e-06
55 11 0.000427000307
56 11 0.000213062924
57 11 -0.000106064873
58 11 2.5466229e-06
59 11 -1.57949983e-05
60 11 -5.48276821e-06
61 11 0.00047780488
62 11 0.000265433859
63 11 -6.69677677e-05
64 11 3.18635353e-06
65 11 -1.91792212e-05
66 11 -6.00497634e-06
67 11 0.000424092519
68 11 0.000222511263
69 11 -8.06963215e-05
70 11 2.77145053e-06
71 11 -1.81209409e-05
72 11 -6.18768015e-06
73 11 0.000284543878
74 11 8.43494371e-05
75 11 -2.20387912e-05
76 11 1.34233338e-06
77 11 -1.60421062e-05
78 11 -2.82392911e-06
79 11 0.000241735713
80 11 6.34804434e-05
81 11 -4.26501609e-05
82 11 1.14381012e-06
83 11 -1.71925496e-05
84 11 -2.61592389e-06
85 11 0.00031728395
86 11 0.000180546996
87 11 -0.00012489425
88 11 2.28153436e-06
89 11 -2.21462021e-05
90 11 -6.71027181e-06
91 11 0.000220387859
92 11 5.03453601e-05
93 11 -5.94225506e-05
94 11 1.04669579e-06
95 11 -2.59961443e-05
96 11 -3.60714436e-06
97 11 0.000252388976
98 11 6.08696673e-05
99 11 -7.15224479e-05
100 11 1.4513533e-06
101 11 -3.97098954e-05
102 11 -5.41558458e-06
103 11 0.000249625838
104 11 -2.95385766e-07
105 11 -6.07606076e-05
106 11 1.60975382e-06
107 11 -6.84035988e-05
108 11 -7.5894592e-06
109 11 0.000345165666
110 11 4.35444749e-06
111 11 -8.86472343e-05
112 11 3.57924616e-06
113 11 -0.000150588657
114 11 -1.77121627e-05
115 11 0.000618106468
116 11 2.6732203e-05
117 11 -0.000183395254
118 11 1.40382458e-05
119 11 -0.000559016676
120 11 -7.44457408e-05
1 12 0.0549422238
2 12 0.353925292
3 12 -0.000245426542
4 12 0.388644645
5 12 -0.059333662
6 12 -0.109085923
7 12 -5.09364355
8 12 -3.82905213
9 12 1.12945062e-06
10 12 1.80823837
11 12 0.0796415791
12 12 4.22454017
13 12 -0.0511322476
14 12 -0.347176613
15 12 -0.00034176285
16 12 0.387586536
17 12 -0.0583133113
18 12 -0.108193511
19 12 -0.0247553606
20 12 -0.171981242
21 12 -0.000249967349
22 12 0.0964337252
23 12 -0.0144134047
24 12 -0.0270074534
25 12 -0.0160854959
26 12 -0.113670075
27 12 -0.000377449286
28 12 0.0431783501
29 12 -0.00641241615
30 12 -0.0120962351
31 12 -0.0117194333
32 12 -0.0845376624
33 12 -0.000120370569
34 12 0.024638722
35 12 -0.00361483495
36 12 -0.00686285719
37 12 0.00101320613
38 12 0.00203221861
39 12 6.36465459e-06
40 12 0.000428863428
41 12 -6.6674505e-05
42 12 -0.0001889462
43 12 0.000267889226
44 12 7.3467679e-05
45 12 1.92459586e-06
46 12 -4.28900753e-07
47 12 -2.08786612e-06
48 12 -2.12988392e-05
49 12 0.0006466037
50 12 0.000910336896
51 12 6.42877491e-06
52 12 1.24734722e-05
53 12 -7.35974703e-06
54 12 -3.69346861e-05
55 12 0.000379091692
56 12 0.000630722003
57 12 4.74549156e-06
58 12 1.04291186e-05
59 12 -4.65941739e-06
60 12 -2.08509396e-05
61 12 0.000434339032
62 12 0.00064874047
63 12 5.60108279e-06
64 12 9.71288058e-06
65 12 -5.05840641e-06
66 12 -2.622253e-05
67 12 0.000416277978
68 12 0.000592862147
69 12 6.02005098e-06
70 12 1.06406708e-05
71 12 -4.99315274e-06
72 12 -2.31726029e-05
73 12 0.000207052137
74 12 0.000165108136
75 12 3.11618796e-06
76 12 5.10198672e-06
77 12 -2.34708351e-06
78 12 -1.2303385e-05
79 12 0.000159985084
80 12 0.000231924423
81 12 2.77744538e-06
82 12 6.95965776e-06
83 12 -2.07096465e-06
84 12 -1.08615596e-05
85 12 0.000326686599
86 12 0.000703582018
87 12 6.79259077e-06
88 12 1.5110849e-05
89 12 -4.7298563e-06
90 12 -1.94198486e-05
91 12 0.000136801515
92 12 0.000228057361
93 12 3.29740151e-06
94 12 9.94639917e-06
95 12 -2.4803847e-06
96 12 -7.89544085e-06
97 12 0.000152875848
98 12 0.000266182996
99 12 4.25265632e-06
100 12 1.41947621e-05
101 12 -3.2990508e-06
102 12 -1.01161628e-05
103 12 6.15945303e-05
104 12 2.2069928e-05
105 12 3.48080023e-06
106 12 1.93954554e-05
107 12 -3.66113078e-06
108 12 -7.17514517e-06
109 12 6.92187027e-05
110 12 4.73167623e-05
111 12 5.53053671e-06
112 12 4.27924517e-05
113 12 -7.78617016e-06
114 12 -1.48964587e-05
115 12 8.29537869e-05
116 12 0.000138440083
117 12 1.15953791e-05
118 12 0.000159748513
119 12 -2.85368103e-05
120 12 -5.71803611e-05
1 13 -0.0834311153
2 13 -0.056660317
3 13 0.01140607
4 13 -0.000787497297
5 13 0.00226034978
6 13 0.00129361938
7 13 -0.0984280814
8 13 -0.0681797447
9 13 0.0128629561
10 13 0.0115335635
11 13 -1.18973755
12 13 -0.0511322476
13 13 688.291239
14 13 -1.38929952
15 13 -40.9156225
16 13 1.08482309
17 13 -7.62281315
18 13 -5.62860529
19 13 -0.108335295
20 13 -0.0794816544
21 13 0.0114762435
22 13 -0.00118348298
23 13 0.00394170528
24 13 0.00172712601
25 13 -0.105030031
26 13 -0.0771912146
27 13 0.0124148357
28 13 -0.0012322572
29 13 0.00488114872
30 13 0.00173808522
31 13 -0.0899513633
32 13 -0.0704621546
33 13 0.0156332807
34 13 -0.00107482051
35 13 0.00623158389
36 13 0.00184526167
37 13 -0.0890537084
38 13 -0.0561707104
39 13 0.0120725045
40 13 -0.00109769507
41 13 0.0113662948
42 13 0.00178360257
43 13 -0.0290064502
44 13 -0.00142777397
45 13 -0.000914682032
46 13 -0.000173034465
47 13 0.000586249279
48 13 0.000336457727
49 13 -0.043569893
50 13 -0.0256502631
51 13 0.00443729923
52 13 -0.000458903203
53 13 0.000866184432
54 13 0.000886806528
55 13 -0.0279595955
56 13 -0.0122190903
57 13 0.00362794182
58 13 -0.000240976927
59 13 0.000582928931
60 13 0.000514706891
61 13 -0.0299003429
62 13 -0.0171436511
63 13 0.00266676163
64 13 -0.000303158903
65 13 0.000671454345
66 13 0.000604839745
67 13 -0.031011868
68 13 -0.0188240563
69 13 0.00339498782
70 13 -0.000325928194
71 13 0.000673737136
72 13 0.000732704196
73 13 -0.0186296675
74 13 0.000586882279
75 13 0.000140573621
76 13 -8.62657419e-05
77 13 0.000453858765
78 13 0.00027165079
79 13 -0.0157660621
80 13 0.000708745233
81 13 0.00123301594
82 13 -7.92364661e-05
83 13 0.000452452167
84 13 0.000244057023
85 13 -0.0202349813
86 13 -0.0101522678
87 13 0.0037003946
88 13 -0.000198787764
89 13 0.000593045411
90 13 0.00050578491
91 13 -0.0140922038
92 13 -0.00183794214
93 13 0.00226823323
94 13 -8.84084838e-05
95 13 0.000591761012
96 13 0.000273110486
97 13 -0.0134046423
98 13 -0.000995533964
99 13 0.00169134068
100 13 -7.75258322e-05
101 13 0.000796413402
102 13 0.000268661942
103 13 -0.0106947521
104 13 0.0040076812
105 13 0.000758466927
106 13 -3.60156271e-05
107 13 0.00124965926
108 13 0.000198093743
109 13 -0.0121485914
110 13 0.00449354923
111 13 0.00105573899
112 13 -8.56973895e-05
113 13 0.00268192463
114 13 0.000380217702
115 13 -0.0169414937
116 13 0.00386629446
117 13 0.00277637545
118 13 -0.000363104509
119 13 0.00982661499
120 13 0.00140644866
1 14 -0.0568537258
2 14 -0.254542949
3 14 -0.00724659505
4 14 -0.00442324846
5 14 0.000800901839
6 14 0.00246714203
7 14 -0.0682990922
8 14 -0.327329242
9 14 -0.00908324065
10 14 1.27274296
11 14 -0.0142253569
12 14 -0.347176613
13 14 -1.38929952
14 14 1437.63714
15 14 132.501785
16 14 12.3775951
17 14 -1.08482312
18 14 -4.01024601
19 14 -0.0793546675
20 14 -0.358589047
21 14 -0.00903543733
22 14 -0.0073690472
23 14 0.00117208135
24 14 0.00342020982
25 14 -0.0767842144
26 14 -0.364422681
27 14 -0.00889424498
28 14 -0.00848917268
29 14 0.00119835984
30 14 0.00397734773
31 14 -0.0700079241
32 14 -0.320012497
33 14 -0.00898887212
34 14 -0.00971275933
35 14 0.001020273
36 14 0.00514193258
37 14 -0.0557014338
38 14 -0.285877468
39 14 -0.00828219448
40 14 -0.0151300732
41 14 0.000971006516
42 14 0.0049653252
43 14 -0.00117227712
44 14 -0.0996322167
45 14 -0.00299269548
46 14 -0.00134023822
47 14 0.000164798229
48 14 1.20264703e-05
49 14 -0.0254798152
50 14 -0.155190694
51 14 -0.00538976558
52 14 -0.00212064789
53 14 0.000446308348
54 14 0.00128673834
55 14 -0.0120329086
56 14 -0.0928210243
57 14 -0.00384553909
58 14 -0.00130613875
59 14 0.000230954426
60 14 0.000847378755
61 14 -0.0169251388
62 14 -0.110297629
63 14 -0.00370964012
64 14 -0.00159075874
65 14 0.000289719701
66 14 0.000993552341
67 14 -0.018753784
68 14 -0.115012926
69 14 -0.00407513195
70 14 -0.00158107092
71 14 0.000312394673
72 14 0.0012420964
73 14 0.000739758493
74 14 -0.0605609685
75 14 -0.00230620601
76 14 -0.000852917279
77 14 7.64096863e-05
78 14 0.000182585185
79 14 0.000955785997
80 14 -0.0570981663
81 14 -0.00211303859
82 14 -0.000876386922
83 14 6.70065865e-05
84 14 0.000412148467
85 14 -0.0101096586
86 14 -0.0751597682
87 14 -0.0031090734
88 14 -0.00121197964
89 14 0.000183476219
90 14 0.00116048918
91 14 -0.00168037064
92 14 -0.0476721828
93 14 -0.00209086252
94 14 -0.000966856967
95 14 7.19963527e-05
96 14 0.000647397078
97 14 -0.000926295897
98 14 -0.0395991354
99 14 -0.00191189894
100 14 -0.00110486826
101 14 5.78952095e-05
102 14 0.000578555051
103 14 0.00410014357
104 14 -0.0214280927
105 14 -0.00157230688
106 14 -0.00144592462
107 14 8.16136461e-06
108 14 0.000381657323
109 14 0.00457508915
110 14 -0.0233937128
111 14 -0.00173276574
112 14 -0.0030544455
113 14 2.94236727e-05
114 14 0.00086849334
115 14 0.00399287437
116 14 -0.0295653432
117 14 -0.00245419154
118 14 -0.0111309645
119 14 0.000173625019
120 14 0.00362917639
1 15 0.0110545671
2 15 -0.0078259645
3 15 -0.0296628764
4 15 -0.000188886056
5 15 -0.000463750388
6 15 2.27416059e-06
7 15 0.0127181105
8 15 -0.00938752457
9 15 -0.0364127909
10 15 0.0500941022
11 15 0.323784591
12 15 -0.00034176285
13 15 -40.9156225
14 15 132.501785
15 15 352.953489
16 15 2.28273891
17 15 1.59027682
18 15 2.80779971e-08
19 15 0.0118292034
20 15 -0.0087525886
21 15 -0.0391435251
22 15 -0.000247534632
23 15 -0.000724432128
24 15 -5.60158915e-07
25 15 0.0130450323
26 15 -0.00823457876
27 15 -0.0380429535
28 15 -0.00026878695
29 15 -0.00104358244
30 15 -1.0101946e-07
31 15 0.0156989263
32 15 -0.00792002926
33 15 -0.0318854359
34 15 -0.000401301862
35 15 -0.00175871517
36 15 -6.6690732e-06
37 15 0.0127851519
38 15 -0.00697928396
39 15 -0.0297233297
40 15 -0.000552665897
41 15 -0.00297815228
42 15 -9.06082148e-06
43 15 -4.12696777e-05
44 15 -0.00263945252
45 15 -0.0113070112
46 15 -4.82460657e-05
47 15 8.00385053e-06
48 15 -2.08824746e-06
49 15 0.00494208939
50 15 -0.00419331808
51 15 -0.0170626225
52 15 -0.000122012952
53 15 -0.000191965551
54 15 -8.34220308e-06
55 15 0.00386769838
56 15 -0.00296406588
57 15 -0.010775326
58 15 -8.23254375e-05
59 15 -0.000159908005
60 15 -6.36511749e-06
61 15 0.00324068243
62 15 -0.00262640796
63 15 -0.0118264033
64 15 -7.78928125e-05
65 15 -0.000140112732
66 15 -7.91853484e-06
67 15 0.00373363343
68 15 -0.00267798931
69 15 -0.0116458622
70 15 -8.96701589e-05
71 15 -0.000181769383
72 15 -1.11048849e-05
73 15 0.000848246285
74 15 -0.001737396
75 15 -0.00641509085
76 15 -4.2242749e-05
77 15 -6.87307727e-05
78 15 -4.35310014e-06
79 15 0.0015784913
80 15 -0.00153107633
81 15 -0.00585614761
82 15 -4.09653731e-05
83 15 -0.00011364922
84 15 -4.87744369e-06
85 15 0.00344985931
86 15 -0.00183557763
87 15 -0.0074015595
88 15 -7.13671994e-05
89 15 -0.000223215741
90 15 -1.26087206e-05
91 15 0.002228301
92 15 -0.00134520103
93 15 -0.00471062672
94 15 -5.02692105e-05
95 15 -0.000191873766
96 15 -8.63397098e-06
97 15 0.00177057681
98 15 -0.00122939725
99 15 -0.00387617969
100 15 -5.55144751e-05
101 15 -0.000228809165
102 15 -1.11936406e-05
103 15 0.000943129519
104 15 -0.00113062635
105 15 -0.00225607523
106 15 -6.89062165e-05
107 15 -0.000321648731
108 15 -1.55260066e-05
109 15 0.00123060574
110 15 -0.00114942793
111 15 -0.00232942714
112 15 -0.000134105963
113 15 -0.000703411737
114 15 -3.96319283e-05
115 15 0.0025836096
116 15 -0.00129839109
117 15 -0.00279589892
118 15 -0.00046185601
119 15 -0.0026159713
120 15 -0.000177691892
1 16 -0.000796576481
2 16 -0.00474064106
3 16 -0.000196594856
4 16 -0.000225920415
5 16 1.07144202e-05
6 16 6.48625577e-05
7 16 -0.000943610276
8 16 -0.00578651189
9 16 -0.000277821394
10 16 -1.41652328
11 16 0.00169933856
12 16 0.387586536
13 16 1.08482309
14 16 12.3775951
15 16 2.28273891
16 16 6.40045063
17 16 1.73974947e-05
18 16 -0.463758533
19 16 -0.00117713363
20 16 -0.00701296847
21 16 -0.000234828219
22 16 -0.000491481046
23 16 1.73399991e-05
24 16 0.000118298436
25 16 -0.00120825735
26 16 -0.00742257408
27 16 -0.000232276008
28 16 -0.000694443917
29 16 1.89922921e-05
30 16 0.000173594201
31 16 -0.00100351241
32 16 -0.00706697405
33 16 -0.000318041677
34 16 -0.00105557066
35 16 1.44400275e-05
36 16 0.000312227245
37 16 -0.000906425353
38 16 -0.00783137997
39 16 -0.000322337509
40 16 -0.00211212839
41 16 1.63098303e-05
42 16 0.000575237659
43 16 -0.000171839464
44 16 -0.0013175865
45 16 -4.78070303e-05
46 16 -2.85880143e-05
47 16 2.4591768e-06
48 16 -3.61854807e-06
49 16 -0.000461817885
50 16 -0.00206895505
51 16 -0.000124676724
52 16 -3.93317303e-05
53 16 5.16289064e-06
54 16 1.50720315e-05
55 16 -0.000236763673
56 16 -0.00123234755
57 16 -8.40780309e-05
58 16 -2.57748545e-05
59 16 2.64934031e-06
60 16 1.23845349e-05
61 16 -0.000304743667
62 16 -0.00151243372
63 16 -8.02463982e-05
64 16 -3.22576799e-05
65 16 3.32440934e-06
66 16 1.20865006e-05
67 16 -0.000329656407
68 16 -0.00148509613
69 16 -9.30499404e-05
70 16 -3.13876222e-05
71 16 3.49482876e-06
72 16 1.75641454e-05
73 16 -7.9693591e-05
74 16 -0.000740908816
75 16 -4.08504543e-05
76 16 -2.22612042e-05
77 16 1.04221224e-06
78 16 3.76272039e-06
79 16 -6.98694516e-05
80 16 -0.000718840913
81 16 -3.87604511e-05
82 16 -2.43120996e-05
83 16 8.86494872e-07
84 16 8.25952767e-06
85 16 -0.000194852044
86 16 -0.000978284665
87 16 -7.03498918e-05
88 16 -3.15446408e-05
89 16 1.94743948e-06
90 16 2.08050001e-05
91 16 -7.51221695e-05
92 16 -0.000626600728
93 16 -4.29558866e-05
94 16 -3.41760806e-05
95 16 6.92130022e-07
96 16 1.47683999e-05
97 16 -5.9904857e-05
98 16 -0.000545443741
99 16 -4.09437502e-05
100 16 -4.81058871e-05
101 16 5.07951827e-07
102 16 1.71233138e-05
103 16 4.72816746e-06
104 16 -0.000358816362
105 16 -3.71123167e-05
106 16 -8.01497968e-05
107 16 5.56294346e-08
108 16 2.49562299e-05
109 16 3.43325431e-06
110 16 -0.000474596128
111 16 -4.99918328e-05
112 16 -0.000175870215
113 16 3.44019328e-07
114 16 5.43618077e-05
115 16 -1.6530039e-05
116 16 -0.000834916886
117 16 -9.44339198e-05
118 16 -0.000654622696
119 16 3.14868305e-06
120 16 0.000217039232
1 17 0.00256863304
2 17 0.000781355195
3 17 -0.000555244185
4 17 9.5215696e-06
5 17 -0.000193753864
6 17 -1.60134496e-05
7 17 0.00286119103
8 17 0.0009359932
9 17 -0.000671037188
10 17 -0.0013807521
11 17 -1.41690094
12 17 -0.0583133113
13 17 -7.62281315
14 17 -1.08482312
15 17 1.59027682
16 17 1.73974947e-05
17 17 6.40050649
18 17 0.112602805
19 17 0.0035921045
20 17 0.00118751119
21 17 -0.000622757216
22 17 1.8619919e-05
23 17 -0.000430034416
24 17 -2.34769564e-05
25 17 0.0038691798
26 17 0.0012359978
27 17 -0.000752911948
28 17 2.2965507e-05
29 17 -0.000620366811
30 17 -2.73621685e-05
31 17 0.00383886911
32 17 0.00103806101
33 17 -0.0010879124
34 17 2.23929551e-05
35 17 -0.000965482922
36 17 -5.66507584e-05
37 17 0.0048641467
38 17 0.000960996634
39 17 -0.00118090506
40 17 3.74840904e-05
41 17 -0.00196257906
42 17 -9.45933142e-05
43 17 0.000515672105
44 17 0.000179520418
45 17 3.24214464e-05
46 17 2.70466856e-06
47 17 -1.90968238e-05
48 17 -2.3600375e-06
49 17 0.000765050358
50 17 0.000473393116
51 17 -0.000153531898
52 17 5.53825603e-06
